0,0,0,0,0,0,0,0,0,0,0,0,0,0,0,0,0,0,0,0,0,0,0,0,0,0,0,0,0,0,0,0,0,0,0,0,0,0,0,0,0,0,0,0,0,0,0,0,0,0,0,0,0,0,0,0,0,0,0,0,0,0,0,0,0,0,0,0,0,0,0,0,0,0,0,0,0,0,0,0,0,0,0,0,0,0,0,0,0,0,0,0,0,0,0,0,0,0,0,0,0,0,0,0,0,0,0,0,0,0,0,0,0,0,0,0,0,0,0,0,0,0,0,0,0,0,0,0,0,0,0
0,-0.00233306,-0.00466068,-0.00697741,-0.00927784,-0.0115566,-0.0138084,-0.0160279,-0.01821,-0.0203495,-0.0224416,-0.0244812,-0.0264636,-0.0283843,-0.0302386,-0.0320223,-0.0337313,-0.0353614,-0.036909,-0.0383703,-0.0397421,-0.041021,-0.0422041,-0.0432886,-0.0442721,-0.0451521,-0.0459267,-0.046594,-0.0471525,-0.0476009,-0.0479381,-0.0481634,-0.0482761,-0.0482761,-0.0481634,-0.0479381,-0.0476009,-0.0471525,-0.046594,-0.0459267,-0.0451521,-0.0442721,-0.0432886,-0.0422041,-0.041021,-0.0397421,-0.0383703,-0.036909,-0.0353614,-0.0337313,-0.0320223,-0.0302386,-0.0283843,-0.0264636,-0.0244812,-0.0224416,-0.0203495,-0.01821,-0.0160279,-0.0138084,-0.0115566,-0.00927784,-0.00697741,-0.00466068,-0.00233306,-3.47636e-18,0.00233306,0.00466068,0.00697741,0.00927784,0.0115566,0.0138084,0.0160279,0.01821,0.0203495,0.0224416,0.0244812,0.0264636,0.0283843,0.0302386,0.0320223,0.0337313,0.0353614,0.036909,0.0383703,0.0397421,0.041021,0.0422041,0.0432886,0.0442721,0.0451521,0.0459267,0.046594,0.0471525,0.0476009,0.0479381,0.0481634,0.0482761,0.0482761,0.0481634,0.0479381,0.0476009,0.0471525,0.046594,0.0459267,0.0451521,0.0442721,0.0432886,0.0422041,0.041021,0.0397421,0.0383703,0.036909,0.0353614,0.0337313,0.0320223,0.0302386,0.0283843,0.0264636,0.0244812,0.0224416,0.0203495,0.01821,0.0160279,0.0138084,0.0115566,0.00927784,0.00697741,0.00466068,0.00233306,0
0,-0.00466068,-0.00931047,-0.0139385,-0.018534,-0.0230862,-0.0275845,-0.0320184,-0.0363774,-0.0406516,-0.0448307,-0.0489052,-0.0528655,-0.0567023,-0.0604066,-0.0639699,-0.0673837,-0.0706402,-0.0737317,-0.076651,-0.0793913,-0.0819462,-0.0843096,-0.0864762,-0.0884408,-0.0901988,-0.0917462,-0.0930793,-0.094195,-0.0950907,-0.0957643,-0.0962142,-0.0964395,-0.0964395,-0.0962142,-0.0957643,-0.0950907,-0.094195,-0.0930793,-0.0917462,-0.0901988,-0.0884408,-0.0864762,-0.0843096,-0.0819462,-0.0793913,-0.076651,-0.0737317,-0.0706402,-0.0673837,-0.0639699,-0.0604066,-0.0567023,-0.0528655,-0.0489052,-0.0448307,-0.0406516,-0.0363774,-0.0320184,-0.0275845,-0.0230862,-0.018534,-0.0139385,-0.00931047,-0.00466068,-3.70009e-18,0.00466068,0.00931047,0.0139385,0.018534,0.0230862,0.0275845,0.0320184,0.0363774,0.0406516,0.0448307,0.0489052,0.0528655,0.0567023,0.0604066,0.0639699,0.0673837,0.0706402,0.0737317,0.076651,0.0793913,0.0819462,0.0843096,0.0864762,0.0884408,0.0901988,0.0917462,0.0930793,0.094195,0.0950907,0.0957643,0.0962142,0.0964395,0.0964395,0.0962142,0.0957643,0.0950907,0.094195,0.0930793,0.0917462,0.0901988,0.0884408,0.0864762,0.0843096,0.0819462,0.0793913,0.076651,0.0737317,0.0706402,0.0673837,0.0639699,0.0604066,0.0567023,0.0528655,0.0489052,0.0448307,0.0406516,0.0363774,0.0320184,0.0275845,0.0230862,0.018534,0.0139385,0.00931047,0.00466068,0
0,-0.00697741,-0.0139385,-0.0208671,-0.0277469,-0.0345619,-0.0412962,-0.0479341,-0.0544599,-0.0608586,-0.0671152,-0.073215,-0.0791438,-0.0848878,-0.0904335,-0.095768,-0.100879,-0.105754,-0.110382,-0.114753,-0.118855,-0.12268,-0.126218,-0.129462,-0.132403,-0.135035,-0.137351,-0.139347,-0.141017,-0.142358,-0.143367,-0.14404,-0.144378,-0.144378,-0.14404,-0.143367,-0.142358,-0.141017,-0.139347,-0.137351,-0.135035,-0.132403,-0.129462,-0.126218,-0.12268,-0.118855,-0.114753,-0.110382,-0.105754,-0.100879,-0.095768,-0.0904335,-0.0848878,-0.0791438,-0.073215,-0.0671152,-0.0608586,-0.0544599,-0.0479341,-0.0412962,-0.0345619,-0.0277469,-0.0208671,-0.0139385,-0.00697741,-9.56165e-18,0.00697741,0.0139385,0.0208671,0.0277469,0.0345619,0.0412962,0.0479341,0.0544599,0.0608586,0.0671152,0.073215,0.0791438,0.0848878,0.0904335,0.095768,0.100879,0.105754,0.110382,0.114753,0.118855,0.12268,0.126218,0.129462,0.132403,0.135035,0.137351,0.139347,0.141017,0.142358,0.143367,0.14404,0.144378,0.144378,0.14404,0.143367,0.142358,0.141017,0.139347,0.137351,0.135035,0.132403,0.129462,0.126218,0.12268,0.118855,0.114753,0.110382,0.105754,0.100879,0.095768,0.0904335,0.0848878,0.0791438,0.073215,0.0671152,0.0608586,0.0544599,0.0479341,0.0412962,0.0345619,0.0277469,0.0208671,0.0139385,0.00697741,0
0,-0.00927784,-0.018534,-0.0277469,-0.036895,-0.0459569,-0.0549115,-0.0637378,-0.0724152,-0.0809236,-0.0892429,-0.0973538,-0.105237,-0.112875,-0.120249,-0.127342,-0.134138,-0.140621,-0.146775,-0.152586,-0.158041,-0.163127,-0.167832,-0.172145,-0.176056,-0.179555,-0.182636,-0.185289,-0.18751,-0.189293,-0.190634,-0.19153,-0.191979,-0.191979,-0.19153,-0.190634,-0.189293,-0.18751,-0.185289,-0.182636,-0.179555,-0.176056,-0.172145,-0.167832,-0.163127,-0.158041,-0.152586,-0.146775,-0.140621,-0.134138,-0.127342,-0.120249,-0.112875,-0.105237,-0.0973538,-0.0892429,-0.0809236,-0.0724152,-0.0637378,-0.0549115,-0.0459569,-0.036895,-0.0277469,-0.018534,-0.00927784,-7.83374e-18,0.00927784,0.018534,0.0277469,0.036895,0.0459569,0.0549115,0.0637378,0.0724152,0.0809236,0.0892429,0.0973538,0.105237,0.112875,0.120249,0.127342,0.134138,0.140621,0.146775,0.152586,0.158041,0.163127,0.167832,0.172145,0.176056,0.179555,0.182636,0.185289,0.18751,0.189293,0.190634,0.19153,0.191979,0.191979,0.19153,0.190634,0.189293,0.18751,0.185289,0.182636,0.179555,0.176056,0.172145,0.167832,0.163127,0.158041,0.152586,0.146775,0.140621,0.134138,0.127342,0.120249,0.112875,0.105237,0.0973538,0.0892429,0.0809236,0.0724152,0.0637378,0.0549115,0.0459569,0.036895,0.0277469,0.018534,0.00927784,0
0,-0.0115566,-0.0230862,-0.0345619,-0.0459569,-0.0572445,-0.0683985,-0.0793927,-0.0902014,-0.1008,-0.111162,-0.121265,-0.131085,-0.140599,-0.149784,-0.15862,-0.167085,-0.175159,-0.182825,-0.190064,-0.196858,-0.203193,-0.209054,-0.214426,-0.219298,-0.223657,-0.227494,-0.230799,-0.233566,-0.235787,-0.237457,-0.238573,-0.239131,-0.239131,-0.238573,-0.237457,-0.235787,-0.233566,-0.230799,-0.227494,-0.223657,-0.219298,-0.214426,-0.209054,-0.203193,-0.196858,-0.190064,-0.182825,-0.175159,-0.167085,-0.15862,-0.149784,-0.140599,-0.131085,-0.121265,-0.111162,-0.1008,-0.0902014,-0.0793927,-0.0683985,-0.0572445,-0.0459569,-0.0345619,-0.0230862,-0.0115566,-1.34783e-17,0.0115566,0.0230862,0.0345619,0.0459569,0.0572445,0.0683985,0.0793927,0.0902014,0.1008,0.111162,0.121265,0.131085,0.140599,0.149784,0.15862,0.167085,0.175159,0.182825,0.190064,0.196858,0.203193,0.209054,0.214426,0.219298,0.223657,0.227494,0.230799,0.233566,0.235787,0.237457,0.238573,0.239131,0.239131,0.238573,0.237457,0.235787,0.233566,0.230799,0.227494,0.223657,0.219298,0.214426,0.209054,0.203193,0.196858,0.190064,0.182825,0.175159,0.167085,0.15862,0.149784,0.140599,0.131085,0.121265,0.111162,0.1008,0.0902014,0.0793927,0.0683985,0.0572445,0.0459569,0.0345619,0.0230862,0.0115566,0
0,-0.0138084,-0.0275845,-0.0412962,-0.0549115,-0.0683985,-0.0817257,-0.0948621,-0.107777,-0.12044,-0.132822,-0.144893,-0.156627,-0.167994,-0.178969,-0.189526,-0.199641,-0.209289,-0.218448,-0.227097,-0.235216,-0.242785,-0.249788,-0.256206,-0.262027,-0.267236,-0.27182,-0.27577,-0.279075,-0.281729,-0.283725,-0.285058,-0.285725,-0.285725,-0.285058,-0.283725,-0.281729,-0.279075,-0.27577,-0.27182,-0.267236,-0.262027,-0.256206,-0.249788,-0.242785,-0.235216,-0.227097,-0.218448,-0.209289,-0.199641,-0.189526,-0.178969,-0.167994,-0.156627,-0.144893,-0.132822,-0.12044,-0.107777,-0.0948621,-0.0817257,-0.0683985,-0.0549115,-0.0412962,-0.0275845,-0.0138084,-1.13166e-17,0.0138084,0.0275845,0.0412962,0.0549115,0.0683985,0.0817257,0.0948621,0.107777,0.12044,0.132822,0.144893,0.156627,0.167994,0.178969,0.189526,0.199641,0.209289,0.218448,0.227097,0.235216,0.242785,0.249788,0.256206,0.262027,0.267236,0.27182,0.27577,0.279075,0.281729,0.283725,0.285058,0.285725,0.285725,0.285058,0.283725,0.281729,0.279075,0.27577,0.27182,0.267236,0.262027,0.256206,0.249788,0.242785,0.235216,0.227097,0.218448,0.209289,0.199641,0.189526,0.178969,0.167994,0.156627,0.144893,0.132822,0.12044,0.107777,0.0948621,0.0817257,0.0683985,0.0549115,0.0412962,0.0275845,0.0138084,0
0,-0.0160279,-0.0320184,-0.0479341,-0.0637378,-0.0793927,-0.0948621,-0.11011,-0.125101,-0.139799,-0.154171,-0.168183,-0.181802,-0.194997,-0.207736,-0.21999,-0.23173,-0.242929,-0.253561,-0.2636,-0.273024,-0.28181,-0.289938,-0.297388,-0.304145,-0.31019,-0.315512,-0.320096,-0.323933,-0.327013,-0.32933,-0.330877,-0.331652,-0.331652,-0.330877,-0.32933,-0.327013,-0.323933,-0.320096,-0.315512,-0.31019,-0.304145,-0.297388,-0.289938,-0.28181,-0.273024,-0.2636,-0.253561,-0.242929,-0.23173,-0.21999,-0.207736,-0.194997,-0.181802,-0.168183,-0.154171,-0.139799,-0.125101,-0.11011,-0.0948621,-0.0793927,-0.0637378,-0.0479341,-0.0320184,-0.0160279,-1.82621e-17,0.0160279,0.0320184,0.0479341,0.0637378,0.0793927,0.0948621,0.11011,0.125101,0.139799,0.154171,0.168183,0.181802,0.194997,0.207736,0.21999,0.23173,0.242929,0.253561,0.2636,0.273024,0.28181,0.289938,0.297388,0.304145,0.31019,0.315512,0.320096,0.323933,0.327013,0.32933,0.330877,0.331652,0.331652,0.330877,0.32933,0.327013,0.323933,0.320096,0.315512,0.31019,0.304145,0.297388,0.289938,0.28181,0.273024,0.2636,0.253561,0.242929,0.23173,0.21999,0.207736,0.194997,0.181802,0.168183,0.154171,0.139799,0.125101,0.11011,0.0948621,0.0793927,0.0637378,0.0479341,0.0320184,0.0160279,0
0,-0.01821,-0.0363774,-0.0544599,-0.0724152,-0.0902014,-0.107777,-0.125101,-0.142132,-0.158832,-0.175161,-0.19108,-0.206554,-0.221544,-0.236018,-0.24994,-0.263279,-0.276002,-0.288081,-0.299487,-0.310194,-0.320176,-0.329411,-0.337876,-0.345552,-0.352421,-0.358467,-0.363675,-0.368034,-0.371534,-0.374166,-0.375924,-0.376804,-0.376804,-0.375924,-0.374166,-0.371534,-0.368034,-0.363675,-0.358467,-0.352421,-0.345552,-0.337876,-0.329411,-0.320176,-0.310194,-0.299487,-0.288081,-0.276002,-0.263279,-0.24994,-0.236018,-0.221544,-0.206554,-0.19108,-0.175161,-0.158832,-0.142132,-0.125101,-0.107777,-0.0902014,-0.0724152,-0.0544599,-0.0363774,-0.01821,-1.47991e-17,0.01821,0.0363774,0.0544599,0.0724152,0.0902014,0.107777,0.125101,0.142132,0.158832,0.175161,0.19108,0.206554,0.221544,0.236018,0.24994,0.263279,0.276002,0.288081,0.299487,0.310194,0.320176,0.329411,0.337876,0.345552,0.352421,0.358467,0.363675,0.368034,0.371534,0.374166,0.375924,0.376804,0.376804,0.375924,0.374166,0.371534,0.368034,0.363675,0.358467,0.352421,0.345552,0.337876,0.329411,0.320176,0.310194,0.299487,0.288081,0.276002,0.263279,0.24994,0.236018,0.221544,0.206554,0.19108,0.175161,0.158832,0.142132,0.125101,0.107777,0.0902014,0.0724152,0.0544599,0.0363774,0.01821,0
0,-0.0203495,-0.0406516,-0.0608586,-0.0809236,-0.1008,-0.12044,-0.139799,-0.158832,-0.177494,-0.195741,-0.213531,-0.230822,-0.247575,-0.263749,-0.279307,-0.294212,-0.308431,-0.321929,-0.334675,-0.34664,-0.357795,-0.368114,-0.377574,-0.386152,-0.393828,-0.400584,-0.406405,-0.411276,-0.415187,-0.418128,-0.420093,-0.421076,-0.421076,-0.420093,-0.418128,-0.415187,-0.411276,-0.406405,-0.400584,-0.393828,-0.386152,-0.377574,-0.368114,-0.357795,-0.34664,-0.334675,-0.321929,-0.308431,-0.294212,-0.279307,-0.263749,-0.247575,-0.230822,-0.213531,-0.195741,-0.177494,-0.158832,-0.139799,-0.12044,-0.1008,-0.0809236,-0.0608586,-0.0406516,-0.0203495,-2.52138e-17,0.0203495,0.0406516,0.0608586,0.0809236,0.1008,0.12044,0.139799,0.158832,0.177494,0.195741,0.213531,0.230822,0.247575,0.263749,0.279307,0.294212,0.308431,0.321929,0.334675,0.34664,0.357795,0.368114,0.377574,0.386152,0.393828,0.400584,0.406405,0.411276,0.415187,0.418128,0.420093,0.421076,0.421076,0.420093,0.418128,0.415187,0.411276,0.406405,0.400584,0.393828,0.386152,0.377574,0.368114,0.357795,0.34664,0.334675,0.321929,0.308431,0.294212,0.279307,0.263749,0.247575,0.230822,0.213531,0.195741,0.177494,0.158832,0.139799,0.12044,0.1008,0.0809236,0.0608586,0.0406516,0.0203495,0
0,-0.0224416,-0.0448307,-0.0671152,-0.0892429,-0.111162,-0.132822,-0.154171,-0.175161,-0.195741,-0.215864,-0.235483,-0.254552,-0.273026,-0.290863,-0.308021,-0.324459,-0.340139,-0.355025,-0.369082,-0.382276,-0.394578,-0.405958,-0.416391,-0.42585,-0.434315,-0.441766,-0.448185,-0.453557,-0.45787,-0.461114,-0.46328,-0.464365,-0.464365,-0.46328,-0.461114,-0.45787,-0.453557,-0.448185,-0.441766,-0.434315,-0.42585,-0.416391,-0.405958,-0.394578,-0.382276,-0.369082,-0.355025,-0.340139,-0.324459,-0.308021,-0.290863,-0.273026,-0.254552,-0.235483,-0.215864,-0.195741,-0.175161,-0.154171,-0.132822,-0.111162,-0.0892429,-0.0671152,-0.0448307,-0.0224416,-2.00158e-17,0.0224416,0.0448307,0.0671152,0.0892429,0.111162,0.132822,0.154171,0.175161,0.195741,0.215864,0.235483,0.254552,0.273026,0.290863,0.308021,0.324459,0.340139,0.355025,0.369082,0.382276,0.394578,0.405958,0.416391,0.42585,0.434315,0.441766,0.448185,0.453557,0.45787,0.461114,0.46328,0.464365,0.464365,0.46328,0.461114,0.45787,0.453557,0.448185,0.441766,0.434315,0.42585,0.416391,0.405958,0.394578,0.382276,0.369082,0.355025,0.340139,0.324459,0.308021,0.290863,0.273026,0.254552,0.235483,0.215864,0.195741,0.175161,0.154171,0.132822,0.111162,0.0892429,0.0671152,0.0448307,0.0224416,0
0,-0.0244812,-0.0489052,-0.073215,-0.0973538,-0.121265,-0.144893,-0.168183,-0.19108,-0.213531,-0.235483,-0.256885,-0.277687,-0.297841,-0.317299,-0.336015,-0.353947,-0.371053,-0.387292,-0.402626,-0.41702,-0.43044,-0.442854,-0.454235,-0.464554,-0.473788,-0.481916,-0.488919,-0.494779,-0.499484,-0.503022,-0.505386,-0.506569,-0.506569,-0.505386,-0.503022,-0.499484,-0.494779,-0.488919,-0.481916,-0.473788,-0.464554,-0.454235,-0.442854,-0.43044,-0.41702,-0.402626,-0.387292,-0.371053,-0.353947,-0.336015,-0.317299,-0.297841,-0.277687,-0.256885,-0.235483,-0.213531,-0.19108,-0.168183,-0.144893,-0.121265,-0.0973538,-0.073215,-0.0489052,-0.0244812,-2.78281e-17,0.0244812,0.0489052,0.073215,0.0973538,0.121265,0.144893,0.168183,0.19108,0.213531,0.235483,0.256885,0.277687,0.297841,0.317299,0.336015,0.353947,0.371053,0.387292,0.402626,0.41702,0.43044,0.442854,0.454235,0.464554,0.473788,0.481916,0.488919,0.494779,0.499484,0.503022,0.505386,0.506569,0.506569,0.505386,0.503022,0.499484,0.494779,0.488919,0.481916,0.473788,0.464554,0.454235,0.442854,0.43044,0.41702,0.402626,0.387292,0.371053,0.353947,0.336015,0.317299,0.297841,0.277687,0.256885,0.235483,0.213531,0.19108,0.168183,0.144893,0.121265,0.0973538,0.073215,0.0489052,0.0244812,0
0,-0.0264636,-0.0528655,-0.0791438,-0.105237,-0.131085,-0.156627,-0.181802,-0.206554,-0.230822,-0.254552,-0.277687,-0.300174,-0.321959,-0.342993,-0.363225,-0.382609,-0.4011,-0.418654,-0.43523,-0.450789,-0.465296,-0.478716,-0.491018,-0.502173,-0.512155,-0.520941,-0.52851,-0.534845,-0.539931,-0.543756,-0.546311,-0.54759,-0.54759,-0.546311,-0.543756,-0.539931,-0.534845,-0.52851,-0.520941,-0.512155,-0.502173,-0.491018,-0.478716,-0.465296,-0.450789,-0.43523,-0.418654,-0.4011,-0.382609,-0.363225,-0.342993,-0.321959,-0.300174,-0.277687,-0.254552,-0.230822,-0.206554,-0.181802,-0.156627,-0.131085,-0.105237,-0.0791438,-0.0528655,-0.0264636,-2.60992e-17,0.0264636,0.0528655,0.0791438,0.105237,0.131085,0.156627,0.181802,0.206554,0.230822,0.254552,0.277687,0.300174,0.321959,0.342993,0.363225,0.382609,0.4011,0.418654,0.43523,0.450789,0.465296,0.478716,0.491018,0.502173,0.512155,0.520941,0.52851,0.534845,0.539931,0.543756,0.546311,0.54759,0.54759,0.546311,0.543756,0.539931,0.534845,0.52851,0.520941,0.512155,0.502173,0.491018,0.478716,0.465296,0.450789,0.43523,0.418654,0.4011,0.382609,0.363225,0.342993,0.321959,0.300174,0.277687,0.254552,0.230822,0.206554,0.181802,0.156627,0.131085,0.105237,0.0791438,0.0528655,0.0264636,0
0,-0.0283843,-0.0567023,-0.0848878,-0.112875,-0.140599,-0.167994,-0.194997,-0.221544,-0.247575,-0.273026,-0.297841,-0.321959,-0.345326,-0.367886,-0.389587,-0.410378,-0.43021,-0.449038,-0.466817,-0.483506,-0.499065,-0.513459,-0.526654,-0.538619,-0.549325,-0.558749,-0.566868,-0.573662,-0.579117,-0.58322,-0.58596,-0.587332,-0.587332,-0.58596,-0.58322,-0.579117,-0.573662,-0.566868,-0.558749,-0.549325,-0.538619,-0.526654,-0.513459,-0.499065,-0.483506,-0.466817,-0.449038,-0.43021,-0.410378,-0.389587,-0.367886,-0.345326,-0.321959,-0.297841,-0.273026,-0.247575,-0.221544,-0.194997,-0.167994,-0.140599,-0.112875,-0.0848878,-0.0567023,-0.0283843,-3.04417e-17,0.0283843,0.0567023,0.0848878,0.112875,0.140599,0.167994,0.194997,0.221544,0.247575,0.273026,0.297841,0.321959,0.345326,0.367886,0.389587,0.410378,0.43021,0.449038,0.466817,0.483506,0.499065,0.513459,0.526654,0.538619,0.549325,0.558749,0.566868,0.573662,0.579117,0.58322,0.58596,0.587332,0.587332,0.58596,0.58322,0.579117,0.573662,0.566868,0.558749,0.549325,0.538619,0.526654,0.513459,0.499065,0.483506,0.466817,0.449038,0.43021,0.410378,0.389587,0.367886,0.345326,0.321959,0.297841,0.273026,0.247575,0.221544,0.194997,0.167994,0.140599,0.112875,0.0848878,0.0567023,0.0283843,0
0,-0.0302386,-0.0604066,-0.0904335,-0.120249,-0.149784,-0.178969,-0.207736,-0.236018,-0.263749,-0.290863,-0.317299,-0.342993,-0.367886,-0.39192,-0.415038,-0.437188,-0.458316,-0.478374,-0.497314,-0.515093,-0.531669,-0.547003,-0.56106,-0.573806,-0.585213,-0.595252,-0.603901,-0.61114,-0.616951,-0.621321,-0.624241,-0.625702,-0.625702,-0.624241,-0.621321,-0.616951,-0.61114,-0.603901,-0.595252,-0.585213,-0.573806,-0.56106,-0.547003,-0.531669,-0.515093,-0.497314,-0.478374,-0.458316,-0.437188,-0.415038,-0.39192,-0.367886,-0.342993,-0.317299,-0.290863,-0.263749,-0.236018,-0.207736,-0.178969,-0.149784,-0.120249,-0.0904335,-0.0604066,-0.0302386,-2.78451e-17,0.0302386,0.0604066,0.0904335,0.120249,0.149784,0.178969,0.207736,0.236018,0.263749,0.290863,0.317299,0.342993,0.367886,0.39192,0.415038,0.437188,0.458316,0.478374,0.497314,0.515093,0.531669,0.547003,0.56106,0.573806,0.585213,0.595252,0.603901,0.61114,0.616951,0.621321,0.624241,0.625702,0.625702,0.624241,0.621321,0.616951,0.61114,0.603901,0.595252,0.585213,0.573806,0.56106,0.547003,0.531669,0.515093,0.497314,0.478374,0.458316,0.437188,0.415038,0.39192,0.367886,0.342993,0.317299,0.290863,0.263749,0.236018,0.207736,0.178969,0.149784,0.120249,0.0904335,0.0604066,0.0302386,0
0,-0.0320223,-0.0639699,-0.095768,-0.127342,-0.15862,-0.189526,-0.21999,-0.24994,-0.279307,-0.308021,-0.336015,-0.363225,-0.389587,-0.415038,-0.439521,-0.462977,-0.485351,-0.506592,-0.52665,-0.545478,-0.563031,-0.57927,-0.594156,-0.607654,-0.619733,-0.630365,-0.639524,-0.64719,-0.653344,-0.657972,-0.661064,-0.662611,-0.662611,-0.661064,-0.657972,-0.653344,-0.64719,-0.639524,-0.630365,-0.619733,-0.607654,-0.594156,-0.57927,-0.563031,-0.545478,-0.52665,-0.506592,-0.485351,-0.462977,-0.439521,-0.415038,-0.389587,-0.363225,-0.336015,-0.308021,-0.279307,-0.24994,-0.21999,-0.189526,-0.15862,-0.127342,-0.095768,-0.0639699,-0.0320223,-2.78504e-17,0.0320223,0.0639699,0.095768,0.127342,0.15862,0.189526,0.21999,0.24994,0.279307,0.308021,0.336015,0.363225,0.389587,0.415038,0.439521,0.462977,0.485351,0.506592,0.52665,0.545478,0.563031,0.57927,0.594156,0.607654,0.619733,0.630365,0.639524,0.64719,0.653344,0.657972,0.661064,0.662611,0.662611,0.661064,0.657972,0.653344,0.64719,0.639524,0.630365,0.619733,0.607654,0.594156,0.57927,0.563031,0.545478,0.52665,0.506592,0.485351,0.462977,0.439521,0.415038,0.389587,0.363225,0.336015,0.308021,0.279307,0.24994,0.21999,0.189526,0.15862,0.127342,0.095768,0.0639699,0.0320223,0
0,-0.0337313,-0.0673837,-0.100879,-0.134138,-0.167085,-0.199641,-0.23173,-0.263279,-0.294212,-0.324459,-0.353947,-0.382609,-0.410378,-0.437188,-0.462977,-0.487684,-0.511253,-0.533627,-0.554755,-0.574588,-0.593078,-0.610184,-0.625864,-0.640083,-0.652806,-0.664005,-0.673653,-0.681728,-0.688211,-0.693086,-0.696342,-0.697973,-0.697973,-0.696342,-0.693086,-0.688211,-0.681728,-0.673653,-0.664005,-0.652806,-0.640083,-0.625864,-0.610184,-0.593078,-0.574588,-0.554755,-0.533627,-0.511253,-0.487684,-0.462977,-0.437188,-0.410378,-0.382609,-0.353947,-0.324459,-0.294212,-0.263279,-0.23173,-0.199641,-0.167085,-0.134138,-0.100879,-0.0673837,-0.0337313,-2.4386e-17,0.0337313,0.0673837,0.100879,0.134138,0.167085,0.199641,0.23173,0.263279,0.294212,0.324459,0.353947,0.382609,0.410378,0.437188,0.462977,0.487684,0.511253,0.533627,0.554755,0.574588,0.593078,0.610184,0.625864,0.640083,0.652806,0.664005,0.673653,0.681728,0.688211,0.693086,0.696342,0.697973,0.697973,0.696342,0.693086,0.688211,0.681728,0.673653,0.664005,0.652806,0.640083,0.625864,0.610184,0.593078,0.574588,0.554755,0.533627,0.511253,0.487684,0.462977,0.437188,0.410378,0.382609,0.353947,0.324459,0.294212,0.263279,0.23173,0.199641,0.167085,0.134138,0.100879,0.0673837,0.0337313,0
0,-0.0353614,-0.0706402,-0.105754,-0.140621,-0.175159,-0.209289,-0.242929,-0.276002,-0.308431,-0.340139,-0.371053,-0.4011,-0.43021,-0.458316,-0.485351,-0.511253,-0.53596,-0.559416,-0.581565,-0.602356,-0.62174,-0.639672,-0.656111,-0.671016,-0.684355,-0.696095,-0.706209,-0.714674,-0.72147,-0.726581,-0.729995,-0.731704,-0.731704,-0.729995,-0.726581,-0.72147,-0.714674,-0.706209,-0.696095,-0.684355,-0.671016,-0.656111,-0.639672,-0.62174,-0.602356,-0.581565,-0.559416,-0.53596,-0.511253,-0.485351,-0.458316,-0.43021,-0.4011,-0.371053,-0.340139,-0.308431,-0.276002,-0.242929,-0.209289,-0.175159,-0.140621,-0.105754,-0.0706402,-0.0353614,-2.43909e-17,0.0353614,0.0706402,0.105754,0.140621,0.175159,0.209289,0.242929,0.276002,0.308431,0.340139,0.371053,0.4011,0.43021,0.458316,0.485351,0.511253,0.53596,0.559416,0.581565,0.602356,0.62174,0.639672,0.656111,0.671016,0.684355,0.696095,0.706209,0.714674,0.72147,0.726581,0.729995,0.731704,0.731704,0.729995,0.726581,0.72147,0.714674,0.706209,0.696095,0.684355,0.671016,0.656111,0.639672,0.62174,0.602356,0.581565,0.559416,0.53596,0.511253,0.485351,0.458316,0.43021,0.4011,0.371053,0.340139,0.308431,0.276002,0.242929,0.209289,0.175159,0.140621,0.105754,0.0706402,0.0353614,0
0,-0.036909,-0.0737317,-0.110382,-0.146775,-0.182825,-0.218448,-0.253561,-0.288081,-0.321929,-0.355025,-0.387292,-0.418654,-0.449038,-0.478374,-0.506592,-0.533627,-0.559416,-0.583898,-0.607017,-0.628718,-0.64895,-0.667667,-0.684825,-0.700383,-0.714305,-0.726559,-0.737116,-0.745951,-0.753045,-0.758379,-0.761942,-0.763726,-0.763726,-0.761942,-0.758379,-0.753045,-0.745951,-0.737116,-0.726559,-0.714305,-0.700383,-0.684825,-0.667667,-0.64895,-0.628718,-0.607017,-0.583898,-0.559416,-0.533627,-0.506592,-0.478374,-0.449038,-0.418654,-0.387292,-0.355025,-0.321929,-0.288081,-0.253561,-0.218448,-0.182825,-0.146775,-0.110382,-0.0737317,-0.036909,-2.26607e-17,0.036909,0.0737317,0.110382,0.146775,0.182825,0.218448,0.253561,0.288081,0.321929,0.355025,0.387292,0.418654,0.449038,0.478374,0.506592,0.533627,0.559416,0.583898,0.607017,0.628718,0.64895,0.667667,0.684825,0.700383,0.714305,0.726559,0.737116,0.745951,0.753045,0.758379,0.761942,0.763726,0.763726,0.761942,0.758379,0.753045,0.745951,0.737116,0.726559,0.714305,0.700383,0.684825,0.667667,0.64895,0.628718,0.607017,0.583898,0.559416,0.533627,0.506592,0.478374,0.449038,0.418654,0.387292,0.355025,0.321929,0.288081,0.253561,0.218448,0.182825,0.146775,0.110382,0.0737317,0.036909,0
0,-0.0383703,-0.076651,-0.114753,-0.152586,-0.190064,-0.227097,-0.2636,-0.299487,-0.334675,-0.369082,-0.402626,-0.43523,-0.466817,-0.497314,-0.52665,-0.554755,-0.581565,-0.607017,-0.631051,-0.653611,-0.674645,-0.694102,-0.711939,-0.728113,-0.742587,-0.755326,-0.766301,-0.775486,-0.78286,-0.788406,-0.79211,-0.793965,-0.793965,-0.79211,-0.788406,-0.78286,-0.775486,-0.766301,-0.755326,-0.742587,-0.728113,-0.711939,-0.694102,-0.674645,-0.653611,-0.631051,-0.607017,-0.581565,-0.554755,-0.52665,-0.497314,-0.466817,-0.43523,-0.402626,-0.369082,-0.334675,-0.299487,-0.2636,-0.227097,-0.190064,-0.152586,-0.114753,-0.076651,-0.0383703,-2.43998e-17,0.0383703,0.076651,0.114753,0.152586,0.190064,0.227097,0.2636,0.299487,0.334675,0.369082,0.402626,0.43523,0.466817,0.497314,0.52665,0.554755,0.581565,0.607017,0.631051,0.653611,0.674645,0.694102,0.711939,0.728113,0.742587,0.755326,0.766301,0.775486,0.78286,0.788406,0.79211,0.793965,0.793965,0.79211,0.788406,0.78286,0.775486,0.766301,0.755326,0.742587,0.728113,0.711939,0.694102,0.674645,0.653611,0.631051,0.607017,0.581565,0.554755,0.52665,0.497314,0.466817,0.43523,0.402626,0.369082,0.334675,0.299487,0.2636,0.227097,0.190064,0.152586,0.114753,0.076651,0.0383703,0
0,-0.0397421,-0.0793913,-0.118855,-0.158041,-0.196858,-0.235216,-0.273024,-0.310194,-0.34664,-0.382276,-0.41702,-0.450789,-0.483506,-0.515093,-0.545478,-0.574588,-0.602356,-0.628718,-0.653611,-0.676978,-0.698763,-0.718917,-0.737391,-0.754143,-0.769134,-0.782329,-0.793696,-0.80321,-0.810848,-0.816592,-0.820428,-0.822349,-0.822349,-0.820428,-0.816592,-0.810848,-0.80321,-0.793696,-0.782329,-0.769134,-0.754143,-0.737391,-0.718917,-0.698763,-0.676978,-0.653611,-0.628718,-0.602356,-0.574588,-0.545478,-0.515093,-0.483506,-0.450789,-0.41702,-0.382276,-0.34664,-0.310194,-0.273024,-0.235216,-0.196858,-0.158041,-0.118855,-0.0793913,-0.0397421,-2.44038e-17,0.0397421,0.0793913,0.118855,0.158041,0.196858,0.235216,0.273024,0.310194,0.34664,0.382276,0.41702,0.450789,0.483506,0.515093,0.545478,0.574588,0.602356,0.628718,0.653611,0.676978,0.698763,0.718917,0.737391,0.754143,0.769134,0.782329,0.793696,0.80321,0.810848,0.816592,0.820428,0.822349,0.822349,0.820428,0.816592,0.810848,0.80321,0.793696,0.782329,0.769134,0.754143,0.737391,0.718917,0.698763,0.676978,0.653611,0.628718,0.602356,0.574588,0.545478,0.515093,0.483506,0.450789,0.41702,0.382276,0.34664,0.310194,0.273024,0.235216,0.196858,0.158041,0.118855,0.0793913,0.0397421,0
0,-0.041021,-0.0819462,-0.12268,-0.163127,-0.203193,-0.242785,-0.28181,-0.320176,-0.357795,-0.394578,-0.43044,-0.465296,-0.499065,-0.531669,-0.563031,-0.593078,-0.62174,-0.64895,-0.674645,-0.698763,-0.72125,-0.742052,-0.761121,-0.778412,-0.793885,-0.807505,-0.819238,-0.829058,-0.836941,-0.84287,-0.84683,-0.848813,-0.848813,-0.84683,-0.84287,-0.836941,-0.829058,-0.819238,-0.807505,-0.793885,-0.778412,-0.761121,-0.742052,-0.72125,-0.698763,-0.674645,-0.64895,-0.62174,-0.593078,-0.563031,-0.531669,-0.499065,-0.465296,-0.43044,-0.394578,-0.357795,-0.320176,-0.28181,-0.242785,-0.203193,-0.163127,-0.12268,-0.0819462,-0.041021,-2.61424e-17,0.041021,0.0819462,0.12268,0.163127,0.203193,0.242785,0.28181,0.320176,0.357795,0.394578,0.43044,0.465296,0.499065,0.531669,0.563031,0.593078,0.62174,0.64895,0.674645,0.698763,0.72125,0.742052,0.761121,0.778412,0.793885,0.807505,0.819238,0.829058,0.836941,0.84287,0.84683,0.848813,0.848813,0.84683,0.84287,0.836941,0.829058,0.819238,0.807505,0.793885,0.778412,0.761121,0.742052,0.72125,0.698763,0.674645,0.64895,0.62174,0.593078,0.563031,0.531669,0.499065,0.465296,0.43044,0.394578,0.357795,0.320176,0.28181,0.242785,0.203193,0.163127,0.12268,0.0819462,0.041021,0
0,-0.0422041,-0.0843096,-0.126218,-0.167832,-0.209054,-0.249788,-0.289938,-0.329411,-0.368114,-0.405958,-0.442854,-0.478716,-0.513459,-0.547003,-0.57927,-0.610184,-0.639672,-0.667667,-0.694102,-0.718917,-0.742052,-0.763454,-0.783073,-0.800863,-0.816782,-0.830794,-0.842866,-0.852969,-0.86108,-0.86718,-0.871254,-0.873294,-0.873294,-0.871254,-0.86718,-0.86108,-0.852969,-0.842866,-0.830794,-0.816782,-0.800863,-0.783073,-0.763454,-0.742052,-0.718917,-0.694102,-0.667667,-0.639672,-0.610184,-0.57927,-0.547003,-0.513459,-0.478716,-0.442854,-0.405958,-0.368114,-0.329411,-0.289938,-0.249788,-0.209054,-0.167832,-0.126218,-0.0843096,-0.0422041,-2.44111e-17,0.0422041,0.0843096,0.126218,0.167832,0.209054,0.249788,0.289938,0.329411,0.368114,0.405958,0.442854,0.478716,0.513459,0.547003,0.57927,0.610184,0.639672,0.667667,0.694102,0.718917,0.742052,0.763454,0.783073,0.800863,0.816782,0.830794,0.842866,0.852969,0.86108,0.86718,0.871254,0.873294,0.873294,0.871254,0.86718,0.86108,0.852969,0.842866,0.830794,0.816782,0.800863,0.783073,0.763454,0.742052,0.718917,0.694102,0.667667,0.639672,0.610184,0.57927,0.547003,0.513459,0.478716,0.442854,0.405958,0.368114,0.329411,0.289938,0.249788,0.209054,0.167832,0.126218,0.0843096,0.0422041,0
0,-0.0432886,-0.0864762,-0.129462,-0.172145,-0.214426,-0.256206,-0.297388,-0.337876,-0.377574,-0.416391,-0.454235,-0.491018,-0.526654,-0.56106,-0.594156,-0.625864,-0.656111,-0.684825,-0.711939,-0.737391,-0.761121,-0.783073,-0.803196,-0.821443,-0.837772,-0.852144,-0.864526,-0.874888,-0.883208,-0.889464,-0.893643,-0.895735,-0.895735,-0.893643,-0.889464,-0.883208,-0.874888,-0.864526,-0.852144,-0.837772,-0.821443,-0.803196,-0.783073,-0.761121,-0.737391,-0.711939,-0.684825,-0.656111,-0.625864,-0.594156,-0.56106,-0.526654,-0.491018,-0.454235,-0.416391,-0.377574,-0.337876,-0.297388,-0.256206,-0.214426,-0.172145,-0.129462,-0.0864762,-0.0432886,-2.61491e-17,0.0432886,0.0864762,0.129462,0.172145,0.214426,0.256206,0.297388,0.337876,0.377574,0.416391,0.454235,0.491018,0.526654,0.56106,0.594156,0.625864,0.656111,0.684825,0.711939,0.737391,0.761121,0.783073,0.803196,0.821443,0.837772,0.852144,0.864526,0.874888,0.883208,0.889464,0.893643,0.895735,0.895735,0.893643,0.889464,0.883208,0.874888,0.864526,0.852144,0.837772,0.821443,0.803196,0.783073,0.761121,0.737391,0.711939,0.684825,0.656111,0.625864,0.594156,0.56106,0.526654,0.491018,0.454235,0.416391,0.377574,0.337876,0.297388,0.256206,0.214426,0.172145,0.129462,0.0864762,0.0432886,0
0,-0.0442721,-0.0884408,-0.132403,-0.176056,-0.219298,-0.262027,-0.304145,-0.345552,-0.386152,-0.42585,-0.464554,-0.502173,-0.538619,-0.573806,-0.607654,-0.640083,-0.671016,-0.700383,-0.728113,-0.754143,-0.778412,-0.800863,-0.821443,-0.840105,-0.856805,-0.871503,-0.884166,-0.894764,-0.903273,-0.909671,-0.913945,-0.916085,-0.916085,-0.913945,-0.909671,-0.903273,-0.894764,-0.884166,-0.871503,-0.856805,-0.840105,-0.821443,-0.800863,-0.778412,-0.754143,-0.728113,-0.700383,-0.671016,-0.640083,-0.607654,-0.573806,-0.538619,-0.502173,-0.464554,-0.42585,-0.386152,-0.345552,-0.304145,-0.262027,-0.219298,-0.176056,-0.132403,-0.0884408,-0.0442721,-2.6152e-17,0.0442721,0.0884408,0.132403,0.176056,0.219298,0.262027,0.304145,0.345552,0.386152,0.42585,0.464554,0.502173,0.538619,0.573806,0.607654,0.640083,0.671016,0.700383,0.728113,0.754143,0.778412,0.800863,0.821443,0.840105,0.856805,0.871503,0.884166,0.894764,0.903273,0.909671,0.913945,0.916085,0.916085,0.913945,0.909671,0.903273,0.894764,0.884166,0.871503,0.856805,0.840105,0.821443,0.800863,0.778412,0.754143,0.728113,0.700383,0.671016,0.640083,0.607654,0.573806,0.538619,0.502173,0.464554,0.42585,0.386152,0.345552,0.304145,0.262027,0.219298,0.176056,0.132403,0.0884408,0.0442721,0
0,-0.0451521,-0.0901988,-0.135035,-0.179555,-0.223657,-0.267236,-0.31019,-0.352421,-0.393828,-0.434315,-0.473788,-0.512155,-0.549325,-0.585213,-0.619733,-0.652806,-0.684355,-0.714305,-0.742587,-0.769134,-0.793885,-0.816782,-0.837772,-0.856805,-0.873836,-0.888827,-0.901742,-0.91255,-0.921228,-0.927754,-0.932113,-0.934295,-0.934295,-0.932113,-0.927754,-0.921228,-0.91255,-0.901742,-0.888827,-0.873836,-0.856805,-0.837772,-0.816782,-0.793885,-0.769134,-0.742587,-0.714305,-0.684355,-0.652806,-0.619733,-0.585213,-0.549325,-0.512155,-0.473788,-0.434315,-0.393828,-0.352421,-0.31019,-0.267236,-0.223657,-0.179555,-0.135035,-0.0901988,-0.0451521,-2.78893e-17,0.0451521,0.0901988,0.135035,0.179555,0.223657,0.267236,0.31019,0.352421,0.393828,0.434315,0.473788,0.512155,0.549325,0.585213,0.619733,0.652806,0.684355,0.714305,0.742587,0.769134,0.793885,0.816782,0.837772,0.856805,0.873836,0.888827,0.901742,0.91255,0.921228,0.927754,0.932113,0.934295,0.934295,0.932113,0.927754,0.921228,0.91255,0.901742,0.888827,0.873836,0.856805,0.837772,0.816782,0.793885,0.769134,0.742587,0.714305,0.684355,0.652806,0.619733,0.585213,0.549325,0.512155,0.473788,0.434315,0.393828,0.352421,0.31019,0.267236,0.223657,0.179555,0.135035,0.0901988,0.0451521,0
0,-0.0459267,-0.0917462,-0.137351,-0.182636,-0.227494,-0.27182,-0.315512,-0.358467,-0.400584,-0.441766,-0.481916,-0.520941,-0.558749,-0.595252,-0.630365,-0.664005,-0.696095,-0.726559,-0.755326,-0.782329,-0.807505,-0.830794,-0.852144,-0.871503,-0.888827,-0.904075,-0.917211,-0.928205,-0.937032,-0.943669,-0.948103,-0.950323,-0.950323,-0.948103,-0.943669,-0.937032,-0.928205,-0.917211,-0.904075,-0.888827,-0.871503,-0.852144,-0.830794,-0.807505,-0.782329,-0.755326,-0.726559,-0.696095,-0.664005,-0.630365,-0.595252,-0.558749,-0.520941,-0.481916,-0.441766,-0.400584,-0.358467,-0.315512,-0.27182,-0.227494,-0.182636,-0.137351,-0.0917462,-0.0459267,-2.78916e-17,0.0459267,0.0917462,0.137351,0.182636,0.227494,0.27182,0.315512,0.358467,0.400584,0.441766,0.481916,0.520941,0.558749,0.595252,0.630365,0.664005,0.696095,0.726559,0.755326,0.782329,0.807505,0.830794,0.852144,0.871503,0.888827,0.904075,0.917211,0.928205,0.937032,0.943669,0.948103,0.950323,0.950323,0.948103,0.943669,0.937032,0.928205,0.917211,0.904075,0.888827,0.871503,0.852144,0.830794,0.807505,0.782329,0.755326,0.726559,0.696095,0.664005,0.630365,0.595252,0.558749,0.520941,0.481916,0.441766,0.400584,0.358467,0.315512,0.27182,0.227494,0.182636,0.137351,0.0917462,0.0459267,0
0,-0.046594,-0.0930793,-0.139347,-0.185289,-0.230799,-0.27577,-0.320096,-0.363675,-0.406405,-0.448185,-0.488919,-0.52851,-0.566868,-0.603901,-0.639524,-0.673653,-0.706209,-0.737116,-0.766301,-0.793696,-0.819238,-0.842866,-0.864526,-0.884166,-0.901742,-0.917211,-0.930538,-0.941692,-0.950647,-0.957381,-0.961879,-0.964131,-0.964131,-0.961879,-0.957381,-0.950647,-0.941692,-0.930538,-0.917211,-0.901742,-0.884166,-0.864526,-0.842866,-0.819238,-0.793696,-0.766301,-0.737116,-0.706209,-0.673653,-0.639524,-0.603901,-0.566868,-0.52851,-0.488919,-0.448185,-0.406405,-0.363675,-0.320096,-0.27577,-0.230799,-0.185289,-0.139347,-0.0930793,-0.046594,-2.96283e-17,0.046594,0.0930793,0.139347,0.185289,0.230799,0.27577,0.320096,0.363675,0.406405,0.448185,0.488919,0.52851,0.566868,0.603901,0.639524,0.673653,0.706209,0.737116,0.766301,0.793696,0.819238,0.842866,0.864526,0.884166,0.901742,0.917211,0.930538,0.941692,0.950647,0.957381,0.961879,0.964131,0.964131,0.961879,0.957381,0.950647,0.941692,0.930538,0.917211,0.901742,0.884166,0.864526,0.842866,0.819238,0.793696,0.766301,0.737116,0.706209,0.673653,0.639524,0.603901,0.566868,0.52851,0.488919,0.448185,0.406405,0.363675,0.320096,0.27577,0.230799,0.185289,0.139347,0.0930793,0.046594,0
0,-0.0471525,-0.094195,-0.141017,-0.18751,-0.233566,-0.279075,-0.323933,-0.368034,-0.411276,-0.453557,-0.494779,-0.534845,-0.573662,-0.61114,-0.64719,-0.681728,-0.714674,-0.745951,-0.775486,-0.80321,-0.829058,-0.852969,-0.874888,-0.894764,-0.91255,-0.928205,-0.941692,-0.95298,-0.962042,-0.968857,-0.973409,-0.975688,-0.975688,-0.973409,-0.968857,-0.962042,-0.95298,-0.941692,-0.928205,-0.91255,-0.894764,-0.874888,-0.852969,-0.829058,-0.80321,-0.775486,-0.745951,-0.714674,-0.681728,-0.64719,-0.61114,-0.573662,-0.534845,-0.494779,-0.453557,-0.411276,-0.368034,-0.323933,-0.279075,-0.233566,-0.18751,-0.141017,-0.094195,-0.0471525,-2.78952e-17,0.0471525,0.094195,0.141017,0.18751,0.233566,0.279075,0.323933,0.368034,0.411276,0.453557,0.494779,0.534845,0.573662,0.61114,0.64719,0.681728,0.714674,0.745951,0.775486,0.80321,0.829058,0.852969,0.874888,0.894764,0.91255,0.928205,0.941692,0.95298,0.962042,0.968857,0.973409,0.975688,0.975688,0.973409,0.968857,0.962042,0.95298,0.941692,0.928205,0.91255,0.894764,0.874888,0.852969,0.829058,0.80321,0.775486,0.745951,0.714674,0.681728,0.64719,0.61114,0.573662,0.534845,0.494779,0.453557,0.411276,0.368034,0.323933,0.279075,0.233566,0.18751,0.141017,0.094195,0.0471525,0
0,-0.0476009,-0.0950907,-0.142358,-0.189293,-0.235787,-0.281729,-0.327013,-0.371534,-0.415187,-0.45787,-0.499484,-0.539931,-0.579117,-0.616951,-0.653344,-0.688211,-0.72147,-0.753045,-0.78286,-0.810848,-0.836941,-0.86108,-0.883208,-0.903273,-0.921228,-0.937032,-0.950647,-0.962042,-0.97119,-0.97807,-0.982665,-0.984966,-0.984966,-0.982665,-0.97807,-0.97119,-0.962042,-0.950647,-0.937032,-0.921228,-0.903273,-0.883208,-0.86108,-0.836941,-0.810848,-0.78286,-0.753045,-0.72147,-0.688211,-0.653344,-0.616951,-0.579117,-0.539931,-0.499484,-0.45787,-0.415187,-0.371534,-0.327013,-0.281729,-0.235787,-0.189293,-0.142358,-0.0950907,-0.0476009,-2.96313e-17,0.0476009,0.0950907,0.142358,0.189293,0.235787,0.281729,0.327013,0.371534,0.415187,0.45787,0.499484,0.539931,0.579117,0.616951,0.653344,0.688211,0.72147,0.753045,0.78286,0.810848,0.836941,0.86108,0.883208,0.903273,0.921228,0.937032,0.950647,0.962042,0.97119,0.97807,0.982665,0.984966,0.984966,0.982665,0.97807,0.97119,0.962042,0.950647,0.937032,0.921228,0.903273,0.883208,0.86108,0.836941,0.810848,0.78286,0.753045,0.72147,0.688211,0.653344,0.616951,0.579117,0.539931,0.499484,0.45787,0.415187,0.371534,0.327013,0.281729,0.235787,0.189293,0.142358,0.0950907,0.0476009,0
0,-0.0479381,-0.0957643,-0.143367,-0.190634,-0.237457,-0.283725,-0.32933,-0.374166,-0.418128,-0.461114,-0.503022,-0.543756,-0.58322,-0.621321,-0.657972,-0.693086,-0.726581,-0.758379,-0.788406,-0.816592,-0.84287,-0.86718,-0.889464,-0.909671,-0.927754,-0.943669,-0.957381,-0.968857,-0.97807,-0.984998,-0.989626,-0.991943,-0.991943,-0.989626,-0.984998,-0.97807,-0.968857,-0.957381,-0.943669,-0.927754,-0.909671,-0.889464,-0.86718,-0.84287,-0.816592,-0.788406,-0.758379,-0.726581,-0.693086,-0.657972,-0.621321,-0.58322,-0.543756,-0.503022,-0.461114,-0.418128,-0.374166,-0.32933,-0.283725,-0.237457,-0.190634,-0.143367,-0.0957643,-0.0479381,-2.61628e-17,0.0479381,0.0957643,0.143367,0.190634,0.237457,0.283725,0.32933,0.374166,0.418128,0.461114,0.503022,0.543756,0.58322,0.621321,0.657972,0.693086,0.726581,0.758379,0.788406,0.816592,0.84287,0.86718,0.889464,0.909671,0.927754,0.943669,0.957381,0.968857,0.97807,0.984998,0.989626,0.991943,0.991943,0.989626,0.984998,0.97807,0.968857,0.957381,0.943669,0.927754,0.909671,0.889464,0.86718,0.84287,0.816592,0.788406,0.758379,0.726581,0.693086,0.657972,0.621321,0.58322,0.543756,0.503022,0.461114,0.418128,0.374166,0.32933,0.283725,0.237457,0.190634,0.143367,0.0957643,0.0479381,0
0,-0.0481634,-0.0962142,-0.14404,-0.19153,-0.238573,-0.285058,-0.330877,-0.375924,-0.420093,-0.46328,-0.505386,-0.546311,-0.58596,-0.624241,-0.661064,-0.696342,-0.729995,-0.761942,-0.79211,-0.820428,-0.84683,-0.871254,-0.893643,-0.913945,-0.932113,-0.948103,-0.961879,-0.973409,-0.982665,-0.989626,-0.994276,-0.996604,-0.996604,-0.994276,-0.989626,-0.982665,-0.973409,-0.961879,-0.948103,-0.932113,-0.913945,-0.893643,-0.871254,-0.84683,-0.820428,-0.79211,-0.761942,-0.729995,-0.696342,-0.661064,-0.624241,-0.58596,-0.546311,-0.505386,-0.46328,-0.420093,-0.375924,-0.330877,-0.285058,-0.238573,-0.19153,-0.14404,-0.0962142,-0.0481634,-3.13677e-17,0.0481634,0.0962142,0.14404,0.19153,0.238573,0.285058,0.330877,0.375924,0.420093,0.46328,0.505386,0.546311,0.58596,0.624241,0.661064,0.696342,0.729995,0.761942,0.79211,0.820428,0.84683,0.871254,0.893643,0.913945,0.932113,0.948103,0.961879,0.973409,0.982665,0.989626,0.994276,0.996604,0.996604,0.994276,0.989626,0.982665,0.973409,0.961879,0.948103,0.932113,0.913945,0.893643,0.871254,0.84683,0.820428,0.79211,0.761942,0.729995,0.696342,0.661064,0.624241,0.58596,0.546311,0.505386,0.46328,0.420093,0.375924,0.330877,0.285058,0.238573,0.19153,0.14404,0.0962142,0.0481634,0
0,-0.0482761,-0.0964395,-0.144378,-0.191979,-0.239131,-0.285725,-0.331652,-0.376804,-0.421076,-0.464365,-0.506569,-0.54759,-0.587332,-0.625702,-0.662611,-0.697973,-0.731704,-0.763726,-0.793965,-0.822349,-0.848813,-0.873294,-0.895735,-0.916085,-0.934295,-0.950323,-0.964131,-0.975688,-0.984966,-0.991943,-0.996604,-0.998937,-0.998937,-0.996604,-0.991943,-0.984966,-0.975688,-0.964131,-0.950323,-0.934295,-0.916085,-0.895735,-0.873294,-0.848813,-0.822349,-0.793965,-0.763726,-0.731704,-0.697973,-0.662611,-0.625702,-0.587332,-0.54759,-0.506569,-0.464365,-0.421076,-0.376804,-0.331652,-0.285725,-0.239131,-0.191979,-0.144378,-0.0964395,-0.0482761,-2.61638e-17,0.0482761,0.0964395,0.144378,0.191979,0.239131,0.285725,0.331652,0.376804,0.421076,0.464365,0.506569,0.54759,0.587332,0.625702,0.662611,0.697973,0.731704,0.763726,0.793965,0.822349,0.848813,0.873294,0.895735,0.916085,0.934295,0.950323,0.964131,0.975688,0.984966,0.991943,0.996604,0.998937,0.998937,0.996604,0.991943,0.984966,0.975688,0.964131,0.950323,0.934295,0.916085,0.895735,0.873294,0.848813,0.822349,0.793965,0.763726,0.731704,0.697973,0.662611,0.625702,0.587332,0.54759,0.506569,0.464365,0.421076,0.376804,0.331652,0.285725,0.239131,0.191979,0.144378,0.0964395,0.0482761,0
