0,0,0,0,0,0,0,0,0,0,0,0,0,0,0,0,0,0,0,0,0,0,0,0,0,0,0,0,0,0,0,0,0,0,0,0,0,0,0,0,0,0,0,0,0,0,0,0,0,0,0,0,0,0,0,0,0,0,0,0,0,0,0,0,0,0,0,0,0,0,0,0,0,0,0,0,0,0,0,0,0,0,0,0,0,0,0,0,0,0,0,0,0,0,0,0,0,0,0,0,0,0,0,0,0,0,0,0,0,0,0,0,0,0,0,0,0,0,0,0,0,0,0,0,0,0,0,0,0,0,0
0,0.1843,0.368169,0.551178,0.7329,0.912911,1.09079,1.26612,1.43849,1.60751,1.77277,1.93389,2.09049,2.24221,2.38869,2.5296,2.66459,2.79336,2.91561,3.03105,3.13941,3.24044,3.3339,3.41957,3.49726,3.56678,3.62797,3.68068,3.7248,3.76022,3.78686,3.80465,3.81356,3.81356,3.80465,3.78686,3.76022,3.7248,3.68068,3.62797,3.56678,3.49726,3.41957,3.3339,3.24044,3.13941,3.03105,2.91561,2.79336,2.66459,2.5296,2.38869,2.24221,2.09049,1.93389,1.77277,1.60751,1.43849,1.26612,1.09079,0.912911,0.7329,0.551178,0.368169,0.1843,4.67163e-16,-0.1843,-0.368169,-0.551178,-0.7329,-0.912911,-1.09079,-1.26612,-1.43849,-1.60751,-1.77277,-1.93389,-2.09049,-2.24221,-2.38869,-2.5296,-2.66459,-2.79336,-2.91561,-3.03105,-3.13941,-3.24044,-3.3339,-3.41957,-3.49726,-3.56678,-3.62797,-3.68068,-3.7248,-3.76022,-3.78686,-3.80465,-3.81356,-3.81356,-3.80465,-3.78686,-3.76022,-3.7248,-3.68068,-3.62797,-3.56678,-3.49726,-3.41957,-3.3339,-3.24044,-3.13941,-3.03105,-2.91561,-2.79336,-2.66459,-2.5296,-2.38869,-2.24221,-2.09049,-1.93389,-1.77277,-1.60751,-1.43849,-1.26612,-1.09079,-0.912911,-0.7329,-0.551178,-0.368169,-0.1843,0
0,0.368169,0.735478,1.10107,1.46409,1.82369,2.17903,2.52928,2.87363,3.21126,3.54139,3.86325,4.17609,4.47918,4.7718,5.05328,5.32296,5.5802,5.82442,6.05503,6.27149,6.47331,6.66002,6.83116,6.98635,7.12523,7.24746,7.35277,7.4409,7.51166,7.56487,7.60042,7.61821,7.61821,7.60042,7.56487,7.51166,7.4409,7.35277,7.24746,7.12523,6.98635,6.83116,6.66002,6.47331,6.27149,6.05503,5.82442,5.5802,5.32296,5.05328,4.7718,4.47918,4.17609,3.86325,3.54139,3.21126,2.87363,2.52928,2.17903,1.82369,1.46409,1.10107,0.735478,0.368169,9.33234e-16,-0.368169,-0.735478,-1.10107,-1.46409,-1.82369,-2.17903,-2.52928,-2.87363,-3.21126,-3.54139,-3.86325,-4.17609,-4.47918,-4.7718,-5.05328,-5.32296,-5.5802,-5.82442,-6.05503,-6.27149,-6.47331,-6.66002,-6.83116,-6.98635,-7.12523,-7.24746,-7.35277,-7.4409,-7.51166,-7.56487,-7.60042,-7.61821,-7.61821,-7.60042,-7.56487,-7.51166,-7.4409,-7.35277,-7.24746,-7.12523,-6.98635,-6.83116,-6.66002,-6.47331,-6.27149,-6.05503,-5.82442,-5.5802,-5.32296,-5.05328,-4.7718,-4.47918,-4.17609,-3.86325,-3.54139,-3.21126,-2.87363,-2.52928,-2.17903,-1.82369,-1.46409,-1.10107,-0.735478,-0.368169,0
0,0.551178,1.10107,1.64839,2.19186,2.73021,3.26218,3.78654,4.30205,4.80751,5.30175,5.7836,6.25194,6.70569,7.14377,7.56517,7.9689,8.35401,8.71962,9.06486,9.38893,9.69107,9.97058,10.2268,10.4591,10.667,10.85,11.0077,11.1396,11.2456,11.3252,11.3784,11.4051,11.4051,11.3784,11.3252,11.2456,11.1396,11.0077,10.85,10.667,10.4591,10.2268,9.97058,9.69107,9.38893,9.06486,8.71962,8.35401,7.9689,7.56517,7.14377,6.70569,6.25194,5.7836,5.30175,4.80751,4.30205,3.78654,3.26218,2.73021,2.19186,1.64839,1.10107,0.551178,1.39713e-15,-0.551178,-1.10107,-1.64839,-2.19186,-2.73021,-3.26218,-3.78654,-4.30205,-4.80751,-5.30175,-5.7836,-6.25194,-6.70569,-7.14377,-7.56517,-7.9689,-8.35401,-8.71962,-9.06486,-9.38893,-9.69107,-9.97058,-10.2268,-10.4591,-10.667,-10.85,-11.0077,-11.1396,-11.2456,-11.3252,-11.3784,-11.4051,-11.4051,-11.3784,-11.3252,-11.2456,-11.1396,-11.0077,-10.85,-10.667,-10.4591,-10.2268,-9.97058,-9.69107,-9.38893,-9.06486,-8.71962,-8.35401,-7.9689,-7.56517,-7.14377,-6.70569,-6.25194,-5.7836,-5.30175,-4.80751,-4.30205,-3.78654,-3.26218,-2.73021,-2.19186,-1.64839,-1.10107,-0.551178,0
0,0.7329,1.46409,2.19186,2.91451,3.63035,4.33772,5.03495,5.72042,6.39254,7.04972,7.69044,8.31319,8.91654,9.49905,10.0594,10.5962,11.1083,11.5945,12.0535,12.4844,12.8862,13.2578,13.5985,13.9075,14.1839,14.4273,14.6369,14.8123,14.9532,15.0591,15.1299,15.1653,15.1653,15.1299,15.0591,14.9532,14.8123,14.6369,14.4273,14.1839,13.9075,13.5985,13.2578,12.8862,12.4844,12.0535,11.5945,11.1083,10.5962,10.0594,9.49905,8.91654,8.31319,7.69044,7.04972,6.39254,5.72042,5.03495,4.33772,3.63035,2.91451,2.19186,1.46409,0.7329,1.85775e-15,-0.7329,-1.46409,-2.19186,-2.91451,-3.63035,-4.33772,-5.03495,-5.72042,-6.39254,-7.04972,-7.69044,-8.31319,-8.91654,-9.49905,-10.0594,-10.5962,-11.1083,-11.5945,-12.0535,-12.4844,-12.8862,-13.2578,-13.5985,-13.9075,-14.1839,-14.4273,-14.6369,-14.8123,-14.9532,-15.0591,-15.1299,-15.1653,-15.1653,-15.1299,-15.0591,-14.9532,-14.8123,-14.6369,-14.4273,-14.1839,-13.9075,-13.5985,-13.2578,-12.8862,-12.4844,-12.0535,-11.5945,-11.1083,-10.5962,-10.0594,-9.49905,-8.91654,-8.31319,-7.69044,-7.04972,-6.39254,-5.72042,-5.03495,-4.33772,-3.63035,-2.91451,-2.19186,-1.46409,-0.7329,0
0,0.912911,1.82369,2.73021,3.63035,4.52201,5.40312,6.2716,7.12544,7.96263,8.78123,9.57931,10.355,11.1066,11.8321,12.5301,13.1988,13.8367,14.4422,15.014,15.5508,16.0512,16.5142,16.9385,17.3233,17.6677,17.9708,18.2319,18.4504,18.6259,18.7578,18.846,18.8901,18.8901,18.846,18.7578,18.6259,18.4504,18.2319,17.9708,17.6677,17.3233,16.9385,16.5142,16.0512,15.5508,15.014,14.4422,13.8367,13.1988,12.5301,11.8321,11.1066,10.355,9.57931,8.78123,7.96263,7.12544,6.2716,5.40312,4.52201,3.63035,2.73021,1.82369,0.912911,2.31404e-15,-0.912911,-1.82369,-2.73021,-3.63035,-4.52201,-5.40312,-6.2716,-7.12544,-7.96263,-8.78123,-9.57931,-10.355,-11.1066,-11.8321,-12.5301,-13.1988,-13.8367,-14.4422,-15.014,-15.5508,-16.0512,-16.5142,-16.9385,-17.3233,-17.6677,-17.9708,-18.2319,-18.4504,-18.6259,-18.7578,-18.846,-18.8901,-18.8901,-18.846,-18.7578,-18.6259,-18.4504,-18.2319,-17.9708,-17.6677,-17.3233,-16.9385,-16.5142,-16.0512,-15.5508,-15.014,-14.4422,-13.8367,-13.1988,-12.5301,-11.8321,-11.1066,-10.355,-9.57931,-8.78123,-7.96263,-7.12544,-6.2716,-5.40312,-4.52201,-3.63035,-2.73021,-1.82369,-0.912911,0
0,1.09079,2.17903,3.26218,4.33772,5.40312,6.4559,7.49361,8.51381,9.51413,10.4922,11.4458,12.3727,13.2706,14.1376,14.9716,15.7705,16.5327,17.2562,17.9395,18.5808,19.1787,19.7319,20.239,20.6988,21.1102,21.4724,21.7843,22.0455,22.2551,22.4128,22.5181,22.5708,22.5708,22.5181,22.4128,22.2551,22.0455,21.7843,21.4724,21.1102,20.6988,20.239,19.7319,19.1787,18.5808,17.9395,17.2562,16.5327,15.7705,14.9716,14.1376,13.2706,12.3727,11.4458,10.4922,9.51413,8.51381,7.49361,6.4559,5.40312,4.33772,3.26218,2.17903,1.09079,2.76493e-15,-1.09079,-2.17903,-3.26218,-4.33772,-5.40312,-6.4559,-7.49361,-8.51381,-9.51413,-10.4922,-11.4458,-12.3727,-13.2706,-14.1376,-14.9716,-15.7705,-16.5327,-17.2562,-17.9395,-18.5808,-19.1787,-19.7319,-20.239,-20.6988,-21.1102,-21.4724,-21.7843,-22.0455,-22.2551,-22.4128,-22.5181,-22.5708,-22.5708,-22.5181,-22.4128,-22.2551,-22.0455,-21.7843,-21.4724,-21.1102,-20.6988,-20.239,-19.7319,-19.1787,-18.5808,-17.9395,-17.2562,-16.5327,-15.7705,-14.9716,-14.1376,-13.2706,-12.3727,-11.4458,-10.4922,-9.51413,-8.51381,-7.49361,-6.4559,-5.40312,-4.33772,-3.26218,-2.17903,-1.09079,0
0,1.26612,2.52928,3.78654,5.03495,6.2716,7.49361,8.69811,9.8823,11.0434,12.1787,13.2856,14.3614,15.4037,16.4101,17.3781,18.3055,19.1901,20.03,20.823,21.5674,22.2615,22.9036,23.4921,24.0258,24.5034,24.9238,25.2859,25.589,25.8323,26.0153,26.1376,26.1987,26.1987,26.1376,26.0153,25.8323,25.589,25.2859,24.9238,24.5034,24.0258,23.4921,22.9036,22.2615,21.5674,20.823,20.03,19.1901,18.3055,17.3781,16.4101,15.4037,14.3614,13.2856,12.1787,11.0434,9.8823,8.69811,7.49361,6.2716,5.03495,3.78654,2.52928,1.26612,3.20936e-15,-1.26612,-2.52928,-3.78654,-5.03495,-6.2716,-7.49361,-8.69811,-9.8823,-11.0434,-12.1787,-13.2856,-14.3614,-15.4037,-16.4101,-17.3781,-18.3055,-19.1901,-20.03,-20.823,-21.5674,-22.2615,-22.9036,-23.4921,-24.0258,-24.5034,-24.9238,-25.2859,-25.589,-25.8323,-26.0153,-26.1376,-26.1987,-26.1987,-26.1376,-26.0153,-25.8323,-25.589,-25.2859,-24.9238,-24.5034,-24.0258,-23.4921,-22.9036,-22.2615,-21.5674,-20.823,-20.03,-19.1901,-18.3055,-17.3781,-16.4101,-15.4037,-14.3614,-13.2856,-12.1787,-11.0434,-9.8823,-8.69811,-7.49361,-6.2716,-5.03495,-3.78654,-2.52928,-1.26612,0
0,1.43849,2.87363,4.30205,5.72042,7.12544,8.51381,9.8823,11.2277,12.5469,13.8368,15.0943,16.3166,17.5008,18.6442,19.744,20.7976,21.8027,22.7569,23.6579,24.5037,25.2922,26.0217,26.6904,27.2968,27.8394,28.317,28.7284,29.0728,29.3492,29.5571,29.696,29.7655,29.7655,29.696,29.5571,29.3492,29.0728,28.7284,28.317,27.8394,27.2968,26.6904,26.0217,25.2922,24.5037,23.6579,22.7569,21.8027,20.7976,19.744,18.6442,17.5008,16.3166,15.0943,13.8368,12.5469,11.2277,9.8823,8.51381,7.12544,5.72042,4.30205,2.87363,1.43849,3.64629e-15,-1.43849,-2.87363,-4.30205,-5.72042,-7.12544,-8.51381,-9.8823,-11.2277,-12.5469,-13.8368,-15.0943,-16.3166,-17.5008,-18.6442,-19.744,-20.7976,-21.8027,-22.7569,-23.6579,-24.5037,-25.2922,-26.0217,-26.6904,-27.2968,-27.8394,-28.317,-28.7284,-29.0728,-29.3492,-29.5571,-29.696,-29.7655,-29.7655,-29.696,-29.5571,-29.3492,-29.0728,-28.7284,-28.317,-27.8394,-27.2968,-26.6904,-26.0217,-25.2922,-24.5037,-23.6579,-22.7569,-21.8027,-20.7976,-19.744,-18.6442,-17.5008,-16.3166,-15.0943,-13.8368,-12.5469,-11.2277,-9.8823,-8.51381,-7.12544,-5.72042,-4.30205,-2.87363,-1.43849,0
0,1.60751,3.21126,4.80751,6.39254,7.96263,9.51413,11.0434,12.5469,14.0211,15.4625,16.8678,18.2337,19.5571,20.8347,22.0637,23.2412,24.3644,25.4307,26.4376,27.3827,28.2639,29.0791,29.8264,30.504,31.1103,31.644,32.1038,32.4886,32.7976,33.0299,33.1851,33.2628,33.2628,33.1851,33.0299,32.7976,32.4886,32.1038,31.644,31.1103,30.504,29.8264,29.0791,28.2639,27.3827,26.4376,25.4307,24.3644,23.2412,22.0637,20.8347,19.5571,18.2337,16.8678,15.4625,14.0211,12.5469,11.0434,9.51413,7.96263,6.39254,4.80751,3.21126,1.60751,4.07471e-15,-1.60751,-3.21126,-4.80751,-6.39254,-7.96263,-9.51413,-11.0434,-12.5469,-14.0211,-15.4625,-16.8678,-18.2337,-19.5571,-20.8347,-22.0637,-23.2412,-24.3644,-25.4307,-26.4376,-27.3827,-28.2639,-29.0791,-29.8264,-30.504,-31.1103,-31.644,-32.1038,-32.4886,-32.7976,-33.0299,-33.1851,-33.2628,-33.2628,-33.1851,-33.0299,-32.7976,-32.4886,-32.1038,-31.644,-31.1103,-30.504,-29.8264,-29.0791,-28.2639,-27.3827,-26.4376,-25.4307,-24.3644,-23.2412,-22.0637,-20.8347,-19.5571,-18.2337,-16.8678,-15.4625,-14.0211,-12.5469,-11.0434,-9.51413,-7.96263,-6.39254,-4.80751,-3.21126,-1.60751,0
0,1.77277,3.54139,5.30175,7.04972,8.78123,10.4922,12.1787,13.8368,15.4625,17.0521,18.6019,20.1083,21.5676,22.9767,24.332,25.6305,26.8692,28.0451,29.1555,30.1978,31.1696,32.0686,32.8927,33.6399,34.3086,34.8972,35.4042,35.8286,36.1693,36.4255,36.5967,36.6824,36.6824,36.5967,36.4255,36.1693,35.8286,35.4042,34.8972,34.3086,33.6399,32.8927,32.0686,31.1696,30.1978,29.1555,28.0451,26.8692,25.6305,24.332,22.9767,21.5676,20.1083,18.6019,17.0521,15.4625,13.8368,12.1787,10.4922,8.78123,7.04972,5.30175,3.54139,1.77277,4.49361e-15,-1.77277,-3.54139,-5.30175,-7.04972,-8.78123,-10.4922,-12.1787,-13.8368,-15.4625,-17.0521,-18.6019,-20.1083,-21.5676,-22.9767,-24.332,-25.6305,-26.8692,-28.0451,-29.1555,-30.1978,-31.1696,-32.0686,-32.8927,-33.6399,-34.3086,-34.8972,-35.4042,-35.8286,-36.1693,-36.4255,-36.5967,-36.6824,-36.6824,-36.5967,-36.4255,-36.1693,-35.8286,-35.4042,-34.8972,-34.3086,-33.6399,-32.8927,-32.0686,-31.1696,-30.1978,-29.1555,-28.0451,-26.8692,-25.6305,-24.332,-22.9767,-21.5676,-20.1083,-18.6019,-17.0521,-15.4625,-13.8368,-12.1787,-10.4922,-8.78123,-7.04972,-5.30175,-3.54139,-1.77277,0
0,1.93389,3.86325,5.7836,7.69044,9.57931,11.4458,13.2856,15.0943,16.8678,18.6019,20.2926,21.9358,23.5278,25.0649,26.5434,27.96,29.3112,30.594,31.8053,32.9424,34.0025,34.9831,35.8821,36.6973,37.4268,38.0688,38.622,39.0849,39.4566,39.7361,39.9228,40.0163,40.0163,39.9228,39.7361,39.4566,39.0849,38.622,38.0688,37.4268,36.6973,35.8821,34.9831,34.0025,32.9424,31.8053,30.594,29.3112,27.96,26.5434,25.0649,23.5278,21.9358,20.2926,18.6019,16.8678,15.0943,13.2856,11.4458,9.57931,7.69044,5.7836,3.86325,1.93389,4.90201e-15,-1.93389,-3.86325,-5.7836,-7.69044,-9.57931,-11.4458,-13.2856,-15.0943,-16.8678,-18.6019,-20.2926,-21.9358,-23.5278,-25.0649,-26.5434,-27.96,-29.3112,-30.594,-31.8053,-32.9424,-34.0025,-34.9831,-35.8821,-36.6973,-37.4268,-38.0688,-38.622,-39.0849,-39.4566,-39.7361,-39.9228,-40.0163,-40.0163,-39.9228,-39.7361,-39.4566,-39.0849,-38.622,-38.0688,-37.4268,-36.6973,-35.8821,-34.9831,-34.0025,-32.9424,-31.8053,-30.594,-29.3112,-27.96,-26.5434,-25.0649,-23.5278,-21.9358,-20.2926,-18.6019,-16.8678,-15.0943,-13.2856,-11.4458,-9.57931,-7.69044,-5.7836,-3.86325,-1.93389,0
0,2.09049,4.17609,6.25194,8.31319,10.355,12.3727,14.3614,16.3166,18.2337,20.1083,21.9358,23.7121,25.4331,27.0946,28.6929,30.2241,31.6848,33.0714,34.3808,35.61,36.7559,37.816,38.7878,39.669,40.4575,41.1516,41.7495,42.25,42.6517,42.9539,43.1557,43.2567,43.2567,43.1557,42.9539,42.6517,42.25,41.7495,41.1516,40.4575,39.669,38.7878,37.816,36.7559,35.61,34.3808,33.0714,31.6848,30.2241,28.6929,27.0946,25.4331,23.7121,21.9358,20.1083,18.2337,16.3166,14.3614,12.3727,10.355,8.31319,6.25194,4.17609,2.09049,5.29897e-15,-2.09049,-4.17609,-6.25194,-8.31319,-10.355,-12.3727,-14.3614,-16.3166,-18.2337,-20.1083,-21.9358,-23.7121,-25.4331,-27.0946,-28.6929,-30.2241,-31.6848,-33.0714,-34.3808,-35.61,-36.7559,-37.816,-38.7878,-39.669,-40.4575,-41.1516,-41.7495,-42.25,-42.6517,-42.9539,-43.1557,-43.2567,-43.2567,-43.1557,-42.9539,-42.6517,-42.25,-41.7495,-41.1516,-40.4575,-39.669,-38.7878,-37.816,-36.7559,-35.61,-34.3808,-33.0714,-31.6848,-30.2241,-28.6929,-27.0946,-25.4331,-23.7121,-21.9358,-20.1083,-18.2337,-16.3166,-14.3614,-12.3727,-10.355,-8.31319,-6.25194,-4.17609,-2.09049,0
0,2.24221,4.47918,6.70569,8.91654,11.1066,13.2706,15.4037,17.5008,19.5571,21.5676,23.5278,25.4331,27.2789,29.061,30.7753,32.4177,33.9843,35.4716,36.8761,38.1944,39.4235,40.5606,41.6029,42.548,43.3938,44.1382,44.7795,45.3163,45.7472,46.0713,46.2878,46.3961,46.3961,46.2878,46.0713,45.7472,45.3163,44.7795,44.1382,43.3938,42.548,41.6029,40.5606,39.4235,38.1944,36.8761,35.4716,33.9843,32.4177,30.7753,29.061,27.2789,25.4331,23.5278,21.5676,19.5571,17.5008,15.4037,13.2706,11.1066,8.91654,6.70569,4.47918,2.24221,5.68354e-15,-2.24221,-4.47918,-6.70569,-8.91654,-11.1066,-13.2706,-15.4037,-17.5008,-19.5571,-21.5676,-23.5278,-25.4331,-27.2789,-29.061,-30.7753,-32.4177,-33.9843,-35.4716,-36.8761,-38.1944,-39.4235,-40.5606,-41.6029,-42.548,-43.3938,-44.1382,-44.7795,-45.3163,-45.7472,-46.0713,-46.2878,-46.3961,-46.3961,-46.2878,-46.0713,-45.7472,-45.3163,-44.7795,-44.1382,-43.3938,-42.548,-41.6029,-40.5606,-39.4235,-38.1944,-36.8761,-35.4716,-33.9843,-32.4177,-30.7753,-29.061,-27.2789,-25.4331,-23.5278,-21.5676,-19.5571,-17.5008,-15.4037,-13.2706,-11.1066,-8.91654,-6.70569,-4.47918,-2.24221,0
0,2.38869,4.7718,7.14377,9.49905,11.8321,14.1376,16.4101,18.6442,20.8347,22.9767,25.0649,27.0946,29.061,30.9596,32.7858,34.5355,36.2045,37.789,39.2852,40.6896,41.9991,43.2104,44.3208,45.3277,46.2287,47.0218,47.705,48.2768,48.7359,49.0811,49.3117,49.4272,49.4272,49.3117,49.0811,48.7359,48.2768,47.705,47.0218,46.2287,45.3277,44.3208,43.2104,41.9991,40.6896,39.2852,37.789,36.2045,34.5355,32.7858,30.9596,29.061,27.0946,25.0649,22.9767,20.8347,18.6442,16.4101,14.1376,11.8321,9.49905,7.14377,4.7718,2.38869,6.05485e-15,-2.38869,-4.7718,-7.14377,-9.49905,-11.8321,-14.1376,-16.4101,-18.6442,-20.8347,-22.9767,-25.0649,-27.0946,-29.061,-30.9596,-32.7858,-34.5355,-36.2045,-37.789,-39.2852,-40.6896,-41.9991,-43.2104,-44.3208,-45.3277,-46.2287,-47.0218,-47.705,-48.2768,-48.7359,-49.0811,-49.3117,-49.4272,-49.4272,-49.3117,-49.0811,-48.7359,-48.2768,-47.705,-47.0218,-46.2287,-45.3277,-44.3208,-43.2104,-41.9991,-40.6896,-39.2852,-37.789,-36.2045,-34.5355,-32.7858,-30.9596,-29.061,-27.0946,-25.0649,-22.9767,-20.8347,-18.6442,-16.4101,-14.1376,-11.8321,-9.49905,-7.14377,-4.7718,-2.38869,0
0,2.5296,5.05328,7.56517,10.0594,12.5301,14.9716,17.3781,19.744,22.0637,24.332,26.5434,28.6929,30.7753,32.7858,34.7198,36.5727,38.3402,40.0181,41.6026,43.0898,44.4765,45.7593,46.9352,48.0015,48.9556,49.7955,50.519,51.1246,51.6107,51.9763,52.2205,52.3428,52.3428,52.2205,51.9763,51.6107,51.1246,50.519,49.7955,48.9556,48.0015,46.9352,45.7593,44.4765,43.0898,41.6026,40.0181,38.3402,36.5727,34.7198,32.7858,30.7753,28.6929,26.5434,24.332,22.0637,19.744,17.3781,14.9716,12.5301,10.0594,7.56517,5.05328,2.5296,6.41201e-15,-2.5296,-5.05328,-7.56517,-10.0594,-12.5301,-14.9716,-17.3781,-19.744,-22.0637,-24.332,-26.5434,-28.6929,-30.7753,-32.7858,-34.7198,-36.5727,-38.3402,-40.0181,-41.6026,-43.0898,-44.4765,-45.7593,-46.9352,-48.0015,-48.9556,-49.7955,-50.519,-51.1246,-51.6107,-51.9763,-52.2205,-52.3428,-52.3428,-52.2205,-51.9763,-51.6107,-51.1246,-50.519,-49.7955,-48.9556,-48.0015,-46.9352,-45.7593,-44.4765,-43.0898,-41.6026,-40.0181,-38.3402,-36.5727,-34.7198,-32.7858,-30.7753,-28.6929,-26.5434,-24.332,-22.0637,-19.744,-17.3781,-14.9716,-12.5301,-10.0594,-7.56517,-5.05328,-2.5296,0
0,2.66459,5.32296,7.9689,10.5962,13.1988,15.7705,18.3055,20.7976,23.2412,25.6305,27.96,30.2241,32.4177,34.5355,36.5727,38.5245,40.3863,42.1537,43.8227,45.3894,46.8501,48.2013,49.44,50.5631,51.5682,52.4529,53.2151,53.8529,54.365,54.7501,55.0074,55.1361,55.1361,55.0074,54.7501,54.365,53.8529,53.2151,52.4529,51.5682,50.5631,49.44,48.2013,46.8501,45.3894,43.8227,42.1537,40.3863,38.5245,36.5727,34.5355,32.4177,30.2241,27.96,25.6305,23.2412,20.7976,18.3055,15.7705,13.1988,10.5962,7.9689,5.32296,2.66459,6.7542e-15,-2.66459,-5.32296,-7.9689,-10.5962,-13.1988,-15.7705,-18.3055,-20.7976,-23.2412,-25.6305,-27.96,-30.2241,-32.4177,-34.5355,-36.5727,-38.5245,-40.3863,-42.1537,-43.8227,-45.3894,-46.8501,-48.2013,-49.44,-50.5631,-51.5682,-52.4529,-53.2151,-53.8529,-54.365,-54.7501,-55.0074,-55.1361,-55.1361,-55.0074,-54.7501,-54.365,-53.8529,-53.2151,-52.4529,-51.5682,-50.5631,-49.44,-48.2013,-46.8501,-45.3894,-43.8227,-42.1537,-40.3863,-38.5245,-36.5727,-34.5355,-32.4177,-30.2241,-27.96,-25.6305,-23.2412,-20.7976,-18.3055,-15.7705,-13.1988,-10.5962,-7.9689,-5.32296,-2.66459,0
0,2.79336,5.5802,8.35401,11.1083,13.8367,16.5327,19.1901,21.8027,24.3644,26.8692,29.3112,31.6848,33.9843,36.2045,38.3402,40.3863,42.338,44.1909,45.9406,47.583,49.1142,50.5307,51.8293,53.0067,54.0604,54.9878,55.7868,56.4555,56.9923,57.3961,57.6657,57.8007,57.8007,57.6657,57.3961,56.9923,56.4555,55.7868,54.9878,54.0604,53.0067,51.8293,50.5307,49.1142,47.583,45.9406,44.1909,42.338,40.3863,38.3402,36.2045,33.9843,31.6848,29.3112,26.8692,24.3644,21.8027,19.1901,16.5327,13.8367,11.1083,8.35401,5.5802,2.79336,7.08062e-15,-2.79336,-5.5802,-8.35401,-11.1083,-13.8367,-16.5327,-19.1901,-21.8027,-24.3644,-26.8692,-29.3112,-31.6848,-33.9843,-36.2045,-38.3402,-40.3863,-42.338,-44.1909,-45.9406,-47.583,-49.1142,-50.5307,-51.8293,-53.0067,-54.0604,-54.9878,-55.7868,-56.4555,-56.9923,-57.3961,-57.6657,-57.8007,-57.8007,-57.6657,-57.3961,-56.9923,-56.4555,-55.7868,-54.9878,-54.0604,-53.0067,-51.8293,-50.5307,-49.1142,-47.583,-45.9406,-44.1909,-42.338,-40.3863,-38.3402,-36.2045,-33.9843,-31.6848,-29.3112,-26.8692,-24.3644,-21.8027,-19.1901,-16.5327,-13.8367,-11.1083,-8.35401,-5.5802,-2.79336,0
0,2.91561,5.82442,8.71962,11.5945,14.4422,17.2562,20.03,22.7569,25.4307,28.0451,30.594,33.0714,35.4716,37.789,40.0181,42.1537,44.1909,46.1249,47.9511,49.6654,51.2636,52.7422,54.0975,55.3265,56.4263,57.3943,58.2283,58.9262,59.4865,59.9079,60.1894,60.3303,60.3303,60.1894,59.9079,59.4865,58.9262,58.2283,57.3943,56.4263,55.3265,54.0975,52.7422,51.2636,49.6654,47.9511,46.1249,44.1909,42.1537,40.0181,37.789,35.4716,33.0714,30.594,28.0451,25.4307,22.7569,20.03,17.2562,14.4422,11.5945,8.71962,5.82442,2.91561,7.39049e-15,-2.91561,-5.82442,-8.71962,-11.5945,-14.4422,-17.2562,-20.03,-22.7569,-25.4307,-28.0451,-30.594,-33.0714,-35.4716,-37.789,-40.0181,-42.1537,-44.1909,-46.1249,-47.9511,-49.6654,-51.2636,-52.7422,-54.0975,-55.3265,-56.4263,-57.3943,-58.2283,-58.9262,-59.4865,-59.9079,-60.1894,-60.3303,-60.3303,-60.1894,-59.9079,-59.4865,-58.9262,-58.2283,-57.3943,-56.4263,-55.3265,-54.0975,-52.7422,-51.2636,-49.6654,-47.9511,-46.1249,-44.1909,-42.1537,-40.0181,-37.789,-35.4716,-33.0714,-30.594,-28.0451,-25.4307,-22.7569,-20.03,-17.2562,-14.4422,-11.5945,-8.71962,-5.82442,-2.91561,0
0,3.03105,6.05503,9.06486,12.0535,15.014,17.9395,20.823,23.6579,26.4376,29.1555,31.8053,34.3808,36.8761,39.2852,41.6026,43.8227,45.9406,47.9511,49.8497,51.6318,53.2934,54.8304,56.2394,57.5171,58.6604,59.6668,60.5337,61.2593,61.8418,62.2799,62.5725,62.719,62.719,62.5725,62.2799,61.8418,61.2593,60.5337,59.6668,58.6604,57.5171,56.2394,54.8304,53.2934,51.6318,49.8497,47.9511,45.9406,43.8227,41.6026,39.2852,36.8761,34.3808,31.8053,29.1555,26.4376,23.6579,20.823,17.9395,15.014,12.0535,9.06486,6.05503,3.03105,7.68311e-15,-3.03105,-6.05503,-9.06486,-12.0535,-15.014,-17.9395,-20.823,-23.6579,-26.4376,-29.1555,-31.8053,-34.3808,-36.8761,-39.2852,-41.6026,-43.8227,-45.9406,-47.9511,-49.8497,-51.6318,-53.2934,-54.8304,-56.2394,-57.5171,-58.6604,-59.6668,-60.5337,-61.2593,-61.8418,-62.2799,-62.5725,-62.719,-62.719,-62.5725,-62.2799,-61.8418,-61.2593,-60.5337,-59.6668,-58.6604,-57.5171,-56.2394,-54.8304,-53.2934,-51.6318,-49.8497,-47.9511,-45.9406,-43.8227,-41.6026,-39.2852,-36.8761,-34.3808,-31.8053,-29.1555,-26.4376,-23.6579,-20.823,-17.9395,-15.014,-12.0535,-9.06486,-6.05503,-3.03105,0
0,3.13941,6.27149,9.38893,12.4844,15.5508,18.5808,21.5674,24.5037,27.3827,30.1978,32.9424,35.61,38.1944,40.6896,43.0898,45.3894,47.583,49.6654,51.6318,53.4777,55.1986,56.7906,58.25,59.5733,60.7575,61.7998,62.6978,63.4493,64.0527,64.5064,64.8095,64.9612,64.9612,64.8095,64.5064,64.0527,63.4493,62.6978,61.7998,60.7575,59.5733,58.25,56.7906,55.1986,53.4777,51.6318,49.6654,47.583,45.3894,43.0898,40.6896,38.1944,35.61,32.9424,30.1978,27.3827,24.5037,21.5674,18.5808,15.5508,12.4844,9.38893,6.27149,3.13941,7.95778e-15,-3.13941,-6.27149,-9.38893,-12.4844,-15.5508,-18.5808,-21.5674,-24.5037,-27.3827,-30.1978,-32.9424,-35.61,-38.1944,-40.6896,-43.0898,-45.3894,-47.583,-49.6654,-51.6318,-53.4777,-55.1986,-56.7906,-58.25,-59.5733,-60.7575,-61.7998,-62.6978,-63.4493,-64.0527,-64.5064,-64.8095,-64.9612,-64.9612,-64.8095,-64.5064,-64.0527,-63.4493,-62.6978,-61.7998,-60.7575,-59.5733,-58.25,-56.7906,-55.1986,-53.4777,-51.6318,-49.6654,-47.583,-45.3894,-43.0898,-40.6896,-38.1944,-35.61,-32.9424,-30.1978,-27.3827,-24.5037,-21.5674,-18.5808,-15.5508,-12.4844,-9.38893,-6.27149,-3.13941,0
0,3.24044,6.47331,9.69107,12.8862,16.0512,19.1787,22.2615,25.2922,28.2639,31.1696,34.0025,36.7559,39.4235,41.9991,44.4765,46.8501,49.1142,51.2636,53.2934,55.1986,56.9749,58.6182,60.1245,61.4904,62.7128,63.7886,64.7155,65.4912,66.1139,66.5823,66.8951,67.0517,67.0517,66.8951,66.5823,66.1139,65.4912,64.7155,63.7886,62.7128,61.4904,60.1245,58.6182,56.9749,55.1986,53.2934,51.2636,49.1142,46.8501,44.4765,41.9991,39.4235,36.7559,34.0025,31.1696,28.2639,25.2922,22.2615,19.1787,16.0512,12.8862,9.69107,6.47331,3.24044,8.21387e-15,-3.24044,-6.47331,-9.69107,-12.8862,-16.0512,-19.1787,-22.2615,-25.2922,-28.2639,-31.1696,-34.0025,-36.7559,-39.4235,-41.9991,-44.4765,-46.8501,-49.1142,-51.2636,-53.2934,-55.1986,-56.9749,-58.6182,-60.1245,-61.4904,-62.7128,-63.7886,-64.7155,-65.4912,-66.1139,-66.5823,-66.8951,-67.0517,-67.0517,-66.8951,-66.5823,-66.1139,-65.4912,-64.7155,-63.7886,-62.7128,-61.4904,-60.1245,-58.6182,-56.9749,-55.1986,-53.2934,-51.2636,-49.1142,-46.8501,-44.4765,-41.9991,-39.4235,-36.7559,-34.0025,-31.1696,-28.2639,-25.2922,-22.2615,-19.1787,-16.0512,-12.8862,-9.69107,-6.47331,-3.24044,0
0,3.3339,6.66002,9.97058,13.2578,16.5142,19.7319,22.9036,26.0217,29.0791,32.0686,34.9831,37.816,40.5606,43.2104,45.7593,48.2013,50.5307,52.7422,54.8304,56.7906,58.6182,60.3088,61.8586,63.2639,64.5215,65.6284,66.582,67.38,68.0208,68.5026,68.8245,68.9856,68.9856,68.8245,68.5026,68.0208,67.38,66.582,65.6284,64.5215,63.2639,61.8586,60.3088,58.6182,56.7906,54.8304,52.7422,50.5307,48.2013,45.7593,43.2104,40.5606,37.816,34.9831,32.0686,29.0791,26.0217,22.9036,19.7319,16.5142,13.2578,9.97058,6.66002,3.3339,8.45077e-15,-3.3339,-6.66002,-9.97058,-13.2578,-16.5142,-19.7319,-22.9036,-26.0217,-29.0791,-32.0686,-34.9831,-37.816,-40.5606,-43.2104,-45.7593,-48.2013,-50.5307,-52.7422,-54.8304,-56.7906,-58.6182,-60.3088,-61.8586,-63.2639,-64.5215,-65.6284,-66.582,-67.38,-68.0208,-68.5026,-68.8245,-68.9856,-68.9856,-68.8245,-68.5026,-68.0208,-67.38,-66.582,-65.6284,-64.5215,-63.2639,-61.8586,-60.3088,-58.6182,-56.7906,-54.8304,-52.7422,-50.5307,-48.2013,-45.7593,-43.2104,-40.5606,-37.816,-34.9831,-32.0686,-29.0791,-26.0217,-22.9036,-19.7319,-16.5142,-13.2578,-9.97058,-6.66002,-3.3339,0
0,3.41957,6.83116,10.2268,13.5985,16.9385,20.239,23.4921,26.6904,29.8264,32.8927,35.8821,38.7878,41.6029,44.3208,46.9352,49.44,51.8293,54.0975,56.2394,58.25,60.1245,61.8586,63.4482,64.8897,66.1795,67.3149,68.293,69.1116,69.7687,70.263,70.5931,70.7584,70.7584,70.5931,70.263,69.7687,69.1116,68.293,67.3149,66.1795,64.8897,63.4482,61.8586,60.1245,58.25,56.2394,54.0975,51.8293,49.44,46.9352,44.3208,41.6029,38.7878,35.8821,32.8927,29.8264,26.6904,23.4921,20.239,16.9385,13.5985,10.2268,6.83116,3.41957,8.66793e-15,-3.41957,-6.83116,-10.2268,-13.5985,-16.9385,-20.239,-23.4921,-26.6904,-29.8264,-32.8927,-35.8821,-38.7878,-41.6029,-44.3208,-46.9352,-49.44,-51.8293,-54.0975,-56.2394,-58.25,-60.1245,-61.8586,-63.4482,-64.8897,-66.1795,-67.3149,-68.293,-69.1116,-69.7687,-70.263,-70.5931,-70.7584,-70.7584,-70.5931,-70.263,-69.7687,-69.1116,-68.293,-67.3149,-66.1795,-64.8897,-63.4482,-61.8586,-60.1245,-58.25,-56.2394,-54.0975,-51.8293,-49.44,-46.9352,-44.3208,-41.6029,-38.7878,-35.8821,-32.8927,-29.8264,-26.6904,-23.4921,-20.239,-16.9385,-13.5985,-10.2268,-6.83116,-3.41957,0
0,3.49726,6.98635,10.4591,13.9075,17.3233,20.6988,24.0258,27.2968,30.504,33.6399,36.6973,39.669,42.548,45.3277,48.0015,50.5631,53.0067,55.3265,57.5171,59.5733,61.4904,63.2639,64.8897,66.3638,67.683,68.8441,69.8445,70.6817,71.3538,71.8592,72.1969,72.3659,72.3659,72.1969,71.8592,71.3538,70.6817,69.8445,68.8441,67.683,66.3638,64.8897,63.2639,61.4904,59.5733,57.5171,55.3265,53.0067,50.5631,48.0015,45.3277,42.548,39.669,36.6973,33.6399,30.504,27.2968,24.0258,20.6988,17.3233,13.9075,10.4591,6.98635,3.49726,8.86485e-15,-3.49726,-6.98635,-10.4591,-13.9075,-17.3233,-20.6988,-24.0258,-27.2968,-30.504,-33.6399,-36.6973,-39.669,-42.548,-45.3277,-48.0015,-50.5631,-53.0067,-55.3265,-57.5171,-59.5733,-61.4904,-63.2639,-64.8897,-66.3638,-67.683,-68.8441,-69.8445,-70.6817,-71.3538,-71.8592,-72.1969,-72.3659,-72.3659,-72.1969,-71.8592,-71.3538,-70.6817,-69.8445,-68.8441,-67.683,-66.3638,-64.8897,-63.2639,-61.4904,-59.5733,-57.5171,-55.3265,-53.0067,-50.5631,-48.0015,-45.3277,-42.548,-39.669,-36.6973,-33.6399,-30.504,-27.2968,-24.0258,-20.6988,-17.3233,-13.9075,-10.4591,-6.98635,-3.49726,0
0,3.56678,7.12523,10.667,14.1839,17.6677,21.1102,24.5034,27.8394,31.1103,34.3086,37.4268,40.4575,43.3938,46.2287,48.9556,51.5682,54.0604,56.4263,58.6604,60.7575,62.7128,64.5215,66.1795,67.683,69.0284,70.2126,71.2328,72.0867,72.7721,73.2876,73.632,73.8044,73.8044,73.632,73.2876,72.7721,72.0867,71.2328,70.2126,69.0284,67.683,66.1795,64.5215,62.7128,60.7575,58.6604,56.4263,54.0604,51.5682,48.9556,46.2287,43.3938,40.4575,37.4268,34.3086,31.1103,27.8394,24.5034,21.1102,17.6677,14.1839,10.667,7.12523,3.56678,9.04107e-15,-3.56678,-7.12523,-10.667,-14.1839,-17.6677,-21.1102,-24.5034,-27.8394,-31.1103,-34.3086,-37.4268,-40.4575,-43.3938,-46.2287,-48.9556,-51.5682,-54.0604,-56.4263,-58.6604,-60.7575,-62.7128,-64.5215,-66.1795,-67.683,-69.0284,-70.2126,-71.2328,-72.0867,-72.7721,-73.2876,-73.632,-73.8044,-73.8044,-73.632,-73.2876,-72.7721,-72.0867,-71.2328,-70.2126,-69.0284,-67.683,-66.1795,-64.5215,-62.7128,-60.7575,-58.6604,-56.4263,-54.0604,-51.5682,-48.9556,-46.2287,-43.3938,-40.4575,-37.4268,-34.3086,-31.1103,-27.8394,-24.5034,-21.1102,-17.6677,-14.1839,-10.667,-7.12523,-3.56678,0
0,3.62797,7.24746,10.85,14.4273,17.9708,21.4724,24.9238,28.317,31.644,34.8972,38.0688,41.1516,44.1382,47.0218,49.7955,52.4529,54.9878,57.3943,59.6668,61.7998,63.7886,65.6284,67.3149,68.8441,70.2126,71.4171,72.4548,73.3233,74.0205,74.5449,74.8952,75.0705,75.0705,74.8952,74.5449,74.0205,73.3233,72.4548,71.4171,70.2126,68.8441,67.3149,65.6284,63.7886,61.7998,59.6668,57.3943,54.9878,52.4529,49.7955,47.0218,44.1382,41.1516,38.0688,34.8972,31.644,28.317,24.9238,21.4724,17.9708,14.4273,10.85,7.24746,3.62797,9.19617e-15,-3.62797,-7.24746,-10.85,-14.4273,-17.9708,-21.4724,-24.9238,-28.317,-31.644,-34.8972,-38.0688,-41.1516,-44.1382,-47.0218,-49.7955,-52.4529,-54.9878,-57.3943,-59.6668,-61.7998,-63.7886,-65.6284,-67.3149,-68.8441,-70.2126,-71.4171,-72.4548,-73.3233,-74.0205,-74.5449,-74.8952,-75.0705,-75.0705,-74.8952,-74.5449,-74.0205,-73.3233,-72.4548,-71.4171,-70.2126,-68.8441,-67.3149,-65.6284,-63.7886,-61.7998,-59.6668,-57.3943,-54.9878,-52.4529,-49.7955,-47.0218,-44.1382,-41.1516,-38.0688,-34.8972,-31.644,-28.317,-24.9238,-21.4724,-17.9708,-14.4273,-10.85,-7.24746,-3.62797,0
0,3.68068,7.35277,11.0077,14.6369,18.2319,21.7843,25.2859,28.7284,32.1038,35.4042,38.622,41.7495,44.7795,47.705,50.519,53.2151,55.7868,58.2283,60.5337,62.6978,64.7155,66.582,68.293,69.8445,71.2328,72.4548,73.5076,74.3887,75.0961,75.6281,75.9834,76.1613,76.1613,75.9834,75.6281,75.0961,74.3887,73.5076,72.4548,71.2328,69.8445,68.293,66.582,64.7155,62.6978,60.5337,58.2283,55.7868,53.2151,50.519,47.705,44.7795,41.7495,38.622,35.4042,32.1038,28.7284,25.2859,21.7843,18.2319,14.6369,11.0077,7.35277,3.68068,9.32979e-15,-3.68068,-7.35277,-11.0077,-14.6369,-18.2319,-21.7843,-25.2859,-28.7284,-32.1038,-35.4042,-38.622,-41.7495,-44.7795,-47.705,-50.519,-53.2151,-55.7868,-58.2283,-60.5337,-62.6978,-64.7155,-66.582,-68.293,-69.8445,-71.2328,-72.4548,-73.5076,-74.3887,-75.0961,-75.6281,-75.9834,-76.1613,-76.1613,-75.9834,-75.6281,-75.0961,-74.3887,-73.5076,-72.4548,-71.2328,-69.8445,-68.293,-66.582,-64.7155,-62.6978,-60.5337,-58.2283,-55.7868,-53.2151,-50.519,-47.705,-44.7795,-41.7495,-38.622,-35.4042,-32.1038,-28.7284,-25.2859,-21.7843,-18.2319,-14.6369,-11.0077,-7.35277,-3.68068,0
0,3.7248,7.4409,11.1396,14.8123,18.4504,22.0455,25.589,29.0728,32.4886,35.8286,39.0849,42.25,45.3163,48.2768,51.1246,53.8529,56.4555,58.9262,61.2593,63.4493,65.4912,67.38,69.1116,70.6817,72.0867,73.3233,74.3887,75.2804,75.9962,76.5346,76.8942,77.0742,77.0742,76.8942,76.5346,75.9962,75.2804,74.3887,73.3233,72.0867,70.6817,69.1116,67.38,65.4912,63.4493,61.2593,58.9262,56.4555,53.8529,51.1246,48.2768,45.3163,42.25,39.0849,35.8286,32.4886,29.0728,25.589,22.0455,18.4504,14.8123,11.1396,7.4409,3.7248,9.44162e-15,-3.7248,-7.4409,-11.1396,-14.8123,-18.4504,-22.0455,-25.589,-29.0728,-32.4886,-35.8286,-39.0849,-42.25,-45.3163,-48.2768,-51.1246,-53.8529,-56.4555,-58.9262,-61.2593,-63.4493,-65.4912,-67.38,-69.1116,-70.6817,-72.0867,-73.3233,-74.3887,-75.2804,-75.9962,-76.5346,-76.8942,-77.0742,-77.0742,-76.8942,-76.5346,-75.9962,-75.2804,-74.3887,-73.3233,-72.0867,-70.6817,-69.1116,-67.38,-65.4912,-63.4493,-61.2593,-58.9262,-56.4555,-53.8529,-51.1246,-48.2768,-45.3163,-42.25,-39.0849,-35.8286,-32.4886,-29.0728,-25.589,-22.0455,-18.4504,-14.8123,-11.1396,-7.4409,-3.7248,0
0,3.76022,7.51166,11.2456,14.9532,18.6259,22.2551,25.8323,29.3492,32.7976,36.1693,39.4566,42.6517,45.7472,48.7359,51.6107,54.365,56.9923,59.4865,61.8418,64.0527,66.1139,68.0208,69.7687,71.3538,72.7721,74.0205,75.0961,75.9962,76.7189,77.2623,77.6254,77.8071,77.8071,77.6254,77.2623,76.7189,75.9962,75.0961,74.0205,72.7721,71.3538,69.7687,68.0208,66.1139,64.0527,61.8418,59.4865,56.9923,54.365,51.6107,48.7359,45.7472,42.6517,39.4566,36.1693,32.7976,29.3492,25.8323,22.2551,18.6259,14.9532,11.2456,7.51166,3.76022,9.5314e-15,-3.76022,-7.51166,-11.2456,-14.9532,-18.6259,-22.2551,-25.8323,-29.3492,-32.7976,-36.1693,-39.4566,-42.6517,-45.7472,-48.7359,-51.6107,-54.365,-56.9923,-59.4865,-61.8418,-64.0527,-66.1139,-68.0208,-69.7687,-71.3538,-72.7721,-74.0205,-75.0961,-75.9962,-76.7189,-77.2623,-77.6254,-77.8071,-77.8071,-77.6254,-77.2623,-76.7189,-75.9962,-75.0961,-74.0205,-72.7721,-71.3538,-69.7687,-68.0208,-66.1139,-64.0527,-61.8418,-59.4865,-56.9923,-54.365,-51.6107,-48.7359,-45.7472,-42.6517,-39.4566,-36.1693,-32.7976,-29.3492,-25.8323,-22.2551,-18.6259,-14.9532,-11.2456,-7.51166,-3.76022,0
0,3.78686,7.56487,11.3252,15.0591,18.7578,22.4128,26.0153,29.5571,33.0299,36.4255,39.7361,42.9539,46.0713,49.0811,51.9763,54.7501,57.3961,59.9079,62.2799,64.5064,66.5823,68.5026,70.263,71.8592,73.2876,74.5449,75.6281,76.5346,77.2623,77.8097,78.1753,78.3583,78.3583,78.1753,77.8097,77.2623,76.5346,75.6281,74.5449,73.2876,71.8592,70.263,68.5026,66.5823,64.5064,62.2799,59.9079,57.3961,54.7501,51.9763,49.0811,46.0713,42.9539,39.7361,36.4255,33.0299,29.5571,26.0153,22.4128,18.7578,15.0591,11.3252,7.56487,3.78686,9.59892e-15,-3.78686,-7.56487,-11.3252,-15.0591,-18.7578,-22.4128,-26.0153,-29.5571,-33.0299,-36.4255,-39.7361,-42.9539,-46.0713,-49.0811,-51.9763,-54.7501,-57.3961,-59.9079,-62.2799,-64.5064,-66.5823,-68.5026,-70.263,-71.8592,-73.2876,-74.5449,-75.6281,-76.5346,-77.2623,-77.8097,-78.1753,-78.3583,-78.3583,-78.1753,-77.8097,-77.2623,-76.5346,-75.6281,-74.5449,-73.2876,-71.8592,-70.263,-68.5026,-66.5823,-64.5064,-62.2799,-59.9079,-57.3961,-54.7501,-51.9763,-49.0811,-46.0713,-42.9539,-39.7361,-36.4255,-33.0299,-29.5571,-26.0153,-22.4128,-18.7578,-15.0591,-11.3252,-7.56487,-3.78686,0
0,3.80465,7.60042,11.3784,15.1299,18.846,22.5181,26.1376,29.696,33.1851,36.5967,39.9228,43.1557,46.2878,49.3117,52.2205,55.0074,57.6657,60.1894,62.5725,64.8095,66.8951,68.8245,70.5931,72.1969,73.632,74.8952,75.9834,76.8942,77.6254,78.1753,78.5426,78.7264,78.7264,78.5426,78.1753,77.6254,76.8942,75.9834,74.8952,73.632,72.1969,70.5931,68.8245,66.8951,64.8095,62.5725,60.1894,57.6657,55.0074,52.2205,49.3117,46.2878,43.1557,39.9228,36.5967,33.1851,29.696,26.1376,22.5181,18.846,15.1299,11.3784,7.60042,3.80465,9.64402e-15,-3.80465,-7.60042,-11.3784,-15.1299,-18.846,-22.5181,-26.1376,-29.696,-33.1851,-36.5967,-39.9228,-43.1557,-46.2878,-49.3117,-52.2205,-55.0074,-57.6657,-60.1894,-62.5725,-64.8095,-66.8951,-68.8245,-70.5931,-72.1969,-73.632,-74.8952,-75.9834,-76.8942,-77.6254,-78.1753,-78.5426,-78.7264,-78.7264,-78.5426,-78.1753,-77.6254,-76.8942,-75.9834,-74.8952,-73.632,-72.1969,-70.5931,-68.8245,-66.8951,-64.8095,-62.5725,-60.1894,-57.6657,-55.0074,-52.2205,-49.3117,-46.2878,-43.1557,-39.9228,-36.5967,-33.1851,-29.696,-26.1376,-22.5181,-18.846,-15.1299,-11.3784,-7.60042,-3.80465,0
0,3.81356,7.61821,11.4051,15.1653,18.8901,22.5708,26.1987,29.7655,33.2628,36.6824,40.0163,43.2567,46.3961,49.4272,52.3428,55.1361,57.8007,60.3303,62.719,64.9612,67.0517,68.9856,70.7584,72.3659,73.8044,75.0705,76.1613,77.0742,77.8071,78.3583,78.7264,78.9107,78.9107,78.7264,78.3583,77.8071,77.0742,76.1613,75.0705,73.8044,72.3659,70.7584,68.9856,67.0517,64.9612,62.719,60.3303,57.8007,55.1361,52.3428,49.4272,46.3961,43.2567,40.0163,36.6824,33.2628,29.7655,26.1987,22.5708,18.8901,15.1653,11.4051,7.61821,3.81356,9.6666e-15,-3.81356,-7.61821,-11.4051,-15.1653,-18.8901,-22.5708,-26.1987,-29.7655,-33.2628,-36.6824,-40.0163,-43.2567,-46.3961,-49.4272,-52.3428,-55.1361,-57.8007,-60.3303,-62.719,-64.9612,-67.0517,-68.9856,-70.7584,-72.3659,-73.8044,-75.0705,-76.1613,-77.0742,-77.8071,-78.3583,-78.7264,-78.9107,-78.9107,-78.7264,-78.3583,-77.8071,-77.0742,-76.1613,-75.0705,-73.8044,-72.3659,-70.7584,-68.9856,-67.0517,-64.9612,-62.719,-60.3303,-57.8007,-55.1361,-52.3428,-49.4272,-46.3961,-43.2567,-40.0163,-36.6824,-33.2628,-29.7655,-26.1987,-22.5708,-18.8901,-15.1653,-11.4051,-7.61821,-3.81356,0
0,3.81356,7.61821,11.4051,15.1653,18.8901,22.5708,26.1987,29.7655,33.2628,36.6824,40.0163,43.2567,46.3961,49.4272,52.3428,55.1361,57.8007,60.3303,62.719,64.9612,67.0517,68.9856,70.7584,72.3659,73.8044,75.0705,76.1613,77.0742,77.8071,78.3583,78.7264,78.9107,78.9107,78.7264,78.3583,77.8071,77.0742,76.1613,75.0705,73.8044,72.3659,70.7584,68.9856,67.0517,64.9612,62.719,60.3303,57.8007,55.1361,52.3428,49.4272,46.3961,43.2567,40.0163,36.6824,33.2628,29.7655,26.1987,22.5708,18.8901,15.1653,11.4051,7.61821,3.81356,9.6666e-15,-3.81356,-7.61821,-11.4051,-15.1653,-18.8901,-22.5708,-26.1987,-29.7655,-33.2628,-36.6824,-40.0163,-43.2567,-46.3961,-49.4272,-52.3428,-55.1361,-57.8007,-60.3303,-62.719,-64.9612,-67.0517,-68.9856,-70.7584,-72.3659,-73.8044,-75.0705,-76.1613,-77.0742,-77.8071,-78.3583,-78.7264,-78.9107,-78.9107,-78.7264,-78.3583,-77.8071,-77.0742,-76.1613,-75.0705,-73.8044,-72.3659,-70.7584,-68.9856,-67.0517,-64.9612,-62.719,-60.3303,-57.8007,-55.1361,-52.3428,-49.4272,-46.3961,-43.2567,-40.0163,-36.6824,-33.2628,-29.7655,-26.1987,-22.5708,-18.8901,-15.1653,-11.4051,-7.61821,-3.81356,0
0,3.80465,7.60042,11.3784,15.1299,18.846,22.5181,26.1376,29.696,33.1851,36.5967,39.9228,43.1557,46.2878,49.3117,52.2205,55.0074,57.6657,60.1894,62.5725,64.8095,66.8951,68.8245,70.5931,72.1969,73.632,74.8952,75.9834,76.8942,77.6254,78.1753,78.5426,78.7264,78.7264,78.5426,78.1753,77.6254,76.8942,75.9834,74.8952,73.632,72.1969,70.5931,68.8245,66.8951,64.8095,62.5725,60.1894,57.6657,55.0074,52.2205,49.3117,46.2878,43.1557,39.9228,36.5967,33.1851,29.696,26.1376,22.5181,18.846,15.1299,11.3784,7.60042,3.80465,9.64402e-15,-3.80465,-7.60042,-11.3784,-15.1299,-18.846,-22.5181,-26.1376,-29.696,-33.1851,-36.5967,-39.9228,-43.1557,-46.2878,-49.3117,-52.2205,-55.0074,-57.6657,-60.1894,-62.5725,-64.8095,-66.8951,-68.8245,-70.5931,-72.1969,-73.632,-74.8952,-75.9834,-76.8942,-77.6254,-78.1753,-78.5426,-78.7264,-78.7264,-78.5426,-78.1753,-77.6254,-76.8942,-75.9834,-74.8952,-73.632,-72.1969,-70.5931,-68.8245,-66.8951,-64.8095,-62.5725,-60.1894,-57.6657,-55.0074,-52.2205,-49.3117,-46.2878,-43.1557,-39.9228,-36.5967,-33.1851,-29.696,-26.1376,-22.5181,-18.846,-15.1299,-11.3784,-7.60042,-3.80465,0
0,3.78686,7.56487,11.3252,15.0591,18.7578,22.4128,26.0153,29.5571,33.0299,36.4255,39.7361,42.9539,46.0713,49.0811,51.9763,54.7501,57.3961,59.9079,62.2799,64.5064,66.5823,68.5026,70.263,71.8592,73.2876,74.5449,75.6281,76.5346,77.2623,77.8097,78.1753,78.3583,78.3583,78.1753,77.8097,77.2623,76.5346,75.6281,74.5449,73.2876,71.8592,70.263,68.5026,66.5823,64.5064,62.2799,59.9079,57.3961,54.7501,51.9763,49.0811,46.0713,42.9539,39.7361,36.4255,33.0299,29.5571,26.0153,22.4128,18.7578,15.0591,11.3252,7.56487,3.78686,9.59892e-15,-3.78686,-7.56487,-11.3252,-15.0591,-18.7578,-22.4128,-26.0153,-29.5571,-33.0299,-36.4255,-39.7361,-42.9539,-46.0713,-49.0811,-51.9763,-54.7501,-57.3961,-59.9079,-62.2799,-64.5064,-66.5823,-68.5026,-70.263,-71.8592,-73.2876,-74.5449,-75.6281,-76.5346,-77.2623,-77.8097,-78.1753,-78.3583,-78.3583,-78.1753,-77.8097,-77.2623,-76.5346,-75.6281,-74.5449,-73.2876,-71.8592,-70.263,-68.5026,-66.5823,-64.5064,-62.2799,-59.9079,-57.3961,-54.7501,-51.9763,-49.0811,-46.0713,-42.9539,-39.7361,-36.4255,-33.0299,-29.5571,-26.0153,-22.4128,-18.7578,-15.0591,-11.3252,-7.56487,-3.78686,0
0,3.76022,7.51166,11.2456,14.9532,18.6259,22.2551,25.8323,29.3492,32.7976,36.1693,39.4566,42.6517,45.7472,48.7359,51.6107,54.365,56.9923,59.4865,61.8418,64.0527,66.1139,68.0208,69.7687,71.3538,72.7721,74.0205,75.0961,75.9962,76.7189,77.2623,77.6254,77.8071,77.8071,77.6254,77.2623,76.7189,75.9962,75.0961,74.0205,72.7721,71.3538,69.7687,68.0208,66.1139,64.0527,61.8418,59.4865,56.9923,54.365,51.6107,48.7359,45.7472,42.6517,39.4566,36.1693,32.7976,29.3492,25.8323,22.2551,18.6259,14.9532,11.2456,7.51166,3.76022,9.5314e-15,-3.76022,-7.51166,-11.2456,-14.9532,-18.6259,-22.2551,-25.8323,-29.3492,-32.7976,-36.1693,-39.4566,-42.6517,-45.7472,-48.7359,-51.6107,-54.365,-56.9923,-59.4865,-61.8418,-64.0527,-66.1139,-68.0208,-69.7687,-71.3538,-72.7721,-74.0205,-75.0961,-75.9962,-76.7189,-77.2623,-77.6254,-77.8071,-77.8071,-77.6254,-77.2623,-76.7189,-75.9962,-75.0961,-74.0205,-72.7721,-71.3538,-69.7687,-68.0208,-66.1139,-64.0527,-61.8418,-59.4865,-56.9923,-54.365,-51.6107,-48.7359,-45.7472,-42.6517,-39.4566,-36.1693,-32.7976,-29.3492,-25.8323,-22.2551,-18.6259,-14.9532,-11.2456,-7.51166,-3.76022,0
