0,0,0,0,0,0,0,0,0,0,0,0,0,0,0,0,0,0,0,0,0,0,0,0,0,0,0,0,0,0,0,0,0,0,0,0,0,0,0,0,0,0,0,0,0,0,0,0,0,0,0,0,0,0,0,0,0,0,0,0,0,0,0,0,0,0,0,0,0,0,0,0,0,0,0,0,0,0,0,0,0,0,0,0,0,0,0,0,0,0,0,0,0,0,0,0,0,0,0,0,0,0,0,0,0,0,0,0,0,0,0,0,0,0,0,0,0,0,0,0,0,0,0,0,0,0,0,0,0,0,0
0,-0.00233415,-0.00466284,-0.00698065,-0.00928215,-0.011562,-0.0138148,-0.0160354,-0.0182185,-0.020359,-0.022452,-0.0244926,-0.0264759,-0.0283975,-0.0302527,-0.0320372,-0.0337469,-0.0353778,-0.0369261,-0.0383882,-0.0397605,-0.0410401,-0.0422237,-0.0433088,-0.0442927,-0.0451731,-0.0459481,-0.0466157,-0.0471745,-0.047623,-0.0479604,-0.0481857,-0.0482986,-0.0482986,-0.0481857,-0.0479604,-0.047623,-0.0471745,-0.0466157,-0.0459481,-0.0451731,-0.0442927,-0.0433088,-0.0422237,-0.0410401,-0.0397605,-0.0383882,-0.0369261,-0.0353778,-0.0337469,-0.0320372,-0.0302527,-0.0283975,-0.0264759,-0.0244926,-0.022452,-0.020359,-0.0182185,-0.0160354,-0.0138148,-0.011562,-0.00928215,-0.00698065,-0.00466284,-0.00233415,-5.21108e-18,0.00233415,0.00466284,0.00698065,0.00928215,0.011562,0.0138148,0.0160354,0.0182185,0.020359,0.022452,0.0244926,0.0264759,0.0283975,0.0302527,0.0320372,0.0337469,0.0353778,0.0369261,0.0383882,0.0397605,0.0410401,0.0422237,0.0433088,0.0442927,0.0451731,0.0459481,0.0466157,0.0471745,0.047623,0.0479604,0.0481857,0.0482986,0.0482986,0.0481857,0.0479604,0.047623,0.0471745,0.0466157,0.0459481,0.0451731,0.0442927,0.0433088,0.0422237,0.0410401,0.0397605,0.0383882,0.0369261,0.0353778,0.0337469,0.0320372,0.0302527,0.0283975,0.0264759,0.0244926,0.022452,0.020359,0.0182185,0.0160354,0.0138148,0.011562,0.00928215,0.00698065,0.00466284,0.00233415,0
0,-0.00466284,-0.0093148,-0.013945,-0.0185426,-0.0230969,-0.0275973,-0.0320333,-0.0363944,-0.0406705,-0.0448516,-0.048928,-0.05289,-0.0567286,-0.0604347,-0.0639996,-0.0674151,-0.0706731,-0.073766,-0.0766867,-0.0794282,-0.0819843,-0.0843488,-0.0865164,-0.0884819,-0.0902407,-0.0917888,-0.0931225,-0.0942388,-0.0951349,-0.0958088,-0.096259,-0.0964843,-0.0964843,-0.096259,-0.0958088,-0.0951349,-0.0942388,-0.0931225,-0.0917888,-0.0902407,-0.0884819,-0.0865164,-0.0843488,-0.0819843,-0.0794282,-0.0766867,-0.073766,-0.0706731,-0.0674151,-0.0639996,-0.0604347,-0.0567286,-0.05289,-0.048928,-0.0448516,-0.0406705,-0.0363944,-0.0320333,-0.0275973,-0.0230969,-0.0185426,-0.013945,-0.0093148,-0.00466284,-6.9527e-18,0.00466284,0.0093148,0.013945,0.0185426,0.0230969,0.0275973,0.0320333,0.0363944,0.0406705,0.0448516,0.048928,0.05289,0.0567286,0.0604347,0.0639996,0.0674151,0.0706731,0.073766,0.0766867,0.0794282,0.0819843,0.0843488,0.0865164,0.0884819,0.0902407,0.0917888,0.0931225,0.0942388,0.0951349,0.0958088,0.096259,0.0964843,0.0964843,0.096259,0.0958088,0.0951349,0.0942388,0.0931225,0.0917888,0.0902407,0.0884819,0.0865164,0.0843488,0.0819843,0.0794282,0.0766867,0.073766,0.0706731,0.0674151,0.0639996,0.0604347,0.0567286,0.05289,0.048928,0.0448516,0.0406705,0.0363944,0.0320333,0.0275973,0.0230969,0.0185426,0.013945,0.0093148,0.00466284,0
0,-0.00698065,-0.013945,-0.0208768,-0.0277598,-0.034578,-0.0413154,-0.0479563,-0.0544853,-0.0608869,-0.0671464,-0.0732491,-0.0791806,-0.0849273,-0.0904756,-0.0958125,-0.100926,-0.105803,-0.110434,-0.114806,-0.11891,-0.122737,-0.126277,-0.129522,-0.132464,-0.135098,-0.137415,-0.139412,-0.141083,-0.142425,-0.143433,-0.144107,-0.144445,-0.144445,-0.144107,-0.143433,-0.142425,-0.141083,-0.139412,-0.137415,-0.135098,-0.132464,-0.129522,-0.126277,-0.122737,-0.11891,-0.114806,-0.110434,-0.105803,-0.100926,-0.0958125,-0.0904756,-0.0849273,-0.0791806,-0.0732491,-0.0671464,-0.0608869,-0.0544853,-0.0479563,-0.0413154,-0.034578,-0.0277598,-0.0208768,-0.013945,-0.00698065,-1.60669e-17,0.00698065,0.013945,0.0208768,0.0277598,0.034578,0.0413154,0.0479563,0.0544853,0.0608869,0.0671464,0.0732491,0.0791806,0.0849273,0.0904756,0.0958125,0.100926,0.105803,0.110434,0.114806,0.11891,0.122737,0.126277,0.129522,0.132464,0.135098,0.137415,0.139412,0.141083,0.142425,0.143433,0.144107,0.144445,0.144445,0.144107,0.143433,0.142425,0.141083,0.139412,0.137415,0.135098,0.132464,0.129522,0.126277,0.122737,0.11891,0.114806,0.110434,0.105803,0.100926,0.0958125,0.0904756,0.0849273,0.0791806,0.0732491,0.0671464,0.0608869,0.0544853,0.0479563,0.0413154,0.034578,0.0277598,0.0208768,0.013945,0.00698065,0
0,-0.00928215,-0.0185426,-0.0277598,-0.0369121,-0.0459782,-0.054937,-0.0637674,-0.0724489,-0.0809612,-0.0892844,-0.0973991,-0.105286,-0.112928,-0.120305,-0.127402,-0.134201,-0.140686,-0.146843,-0.152657,-0.158115,-0.163203,-0.16791,-0.172225,-0.176138,-0.179639,-0.182721,-0.185376,-0.187598,-0.189381,-0.190723,-0.191619,-0.192068,-0.192068,-0.191619,-0.190723,-0.189381,-0.187598,-0.185376,-0.182721,-0.179639,-0.176138,-0.172225,-0.16791,-0.163203,-0.158115,-0.152657,-0.146843,-0.140686,-0.134201,-0.127402,-0.120305,-0.112928,-0.105286,-0.0973991,-0.0892844,-0.0809612,-0.0724489,-0.0637674,-0.054937,-0.0459782,-0.0369121,-0.0277598,-0.0185426,-0.00928215,-1.39053e-17,0.00928215,0.0185426,0.0277598,0.0369121,0.0459782,0.054937,0.0637674,0.0724489,0.0809612,0.0892844,0.0973991,0.105286,0.112928,0.120305,0.127402,0.134201,0.140686,0.146843,0.152657,0.158115,0.163203,0.16791,0.172225,0.176138,0.179639,0.182721,0.185376,0.187598,0.189381,0.190723,0.191619,0.192068,0.192068,0.191619,0.190723,0.189381,0.187598,0.185376,0.182721,0.179639,0.176138,0.172225,0.16791,0.163203,0.158115,0.152657,0.146843,0.140686,0.134201,0.127402,0.120305,0.112928,0.105286,0.0973991,0.0892844,0.0809612,0.0724489,0.0637674,0.054937,0.0459782,0.0369121,0.0277598,0.0185426,0.00928215,0
0,-0.011562,-0.0230969,-0.034578,-0.0459782,-0.0572711,-0.0684303,-0.0794296,-0.0902434,-0.100846,-0.111214,-0.121322,-0.131146,-0.140664,-0.149854,-0.158693,-0.167162,-0.175241,-0.18291,-0.190152,-0.19695,-0.203288,-0.209151,-0.214526,-0.219399,-0.223761,-0.227599,-0.230906,-0.233674,-0.235896,-0.237567,-0.238683,-0.239242,-0.239242,-0.238683,-0.237567,-0.235896,-0.233674,-0.230906,-0.227599,-0.223761,-0.219399,-0.214526,-0.209151,-0.203288,-0.19695,-0.190152,-0.18291,-0.175241,-0.167162,-0.158693,-0.149854,-0.140664,-0.131146,-0.121322,-0.111214,-0.100846,-0.0902434,-0.0794296,-0.0684303,-0.0572711,-0.0459782,-0.034578,-0.0230969,-0.011562,-2.77898e-17,0.011562,0.0230969,0.034578,0.0459782,0.0572711,0.0684303,0.0794296,0.0902434,0.100846,0.111214,0.121322,0.131146,0.140664,0.149854,0.158693,0.167162,0.175241,0.18291,0.190152,0.19695,0.203288,0.209151,0.214526,0.219399,0.223761,0.227599,0.230906,0.233674,0.235896,0.237567,0.238683,0.239242,0.239242,0.238683,0.237567,0.235896,0.233674,0.230906,0.227599,0.223761,0.219399,0.214526,0.209151,0.203288,0.19695,0.190152,0.18291,0.175241,0.167162,0.158693,0.149854,0.140664,0.131146,0.121322,0.111214,0.100846,0.0902434,0.0794296,0.0684303,0.0572711,0.0459782,0.034578,0.0230969,0.011562,0
0,-0.0138148,-0.0275973,-0.0413154,-0.054937,-0.0684303,-0.0817637,-0.0949062,-0.107827,-0.120496,-0.132884,-0.144961,-0.156699,-0.168072,-0.179052,-0.189614,-0.199733,-0.209386,-0.21855,-0.227203,-0.235325,-0.242898,-0.249904,-0.256326,-0.262149,-0.26736,-0.271946,-0.275898,-0.279205,-0.28186,-0.283857,-0.28519,-0.285858,-0.285858,-0.28519,-0.283857,-0.28186,-0.279205,-0.275898,-0.271946,-0.26736,-0.262149,-0.256326,-0.249904,-0.242898,-0.235325,-0.227203,-0.21855,-0.209386,-0.199733,-0.189614,-0.179052,-0.168072,-0.156699,-0.144961,-0.132884,-0.120496,-0.107827,-0.0949062,-0.0817637,-0.0684303,-0.054937,-0.0413154,-0.0275973,-0.0138148,-2.17249e-17,0.0138148,0.0275973,0.0413154,0.054937,0.0684303,0.0817637,0.0949062,0.107827,0.120496,0.132884,0.144961,0.156699,0.168072,0.179052,0.189614,0.199733,0.209386,0.21855,0.227203,0.235325,0.242898,0.249904,0.256326,0.262149,0.26736,0.271946,0.275898,0.279205,0.28186,0.283857,0.28519,0.285858,0.285858,0.28519,0.283857,0.28186,0.279205,0.275898,0.271946,0.26736,0.262149,0.256326,0.249904,0.242898,0.235325,0.227203,0.21855,0.209386,0.199733,0.189614,0.179052,0.168072,0.156699,0.144961,0.132884,0.120496,0.107827,0.0949062,0.0817637,0.0684303,0.054937,0.0413154,0.0275973,0.0138148,0
0,-0.0160354,-0.0320333,-0.0479563,-0.0637674,-0.0794296,-0.0949062,-0.110161,-0.125159,-0.139864,-0.154243,-0.168261,-0.181887,-0.195088,-0.207833,-0.220092,-0.231838,-0.243042,-0.253679,-0.263723,-0.273151,-0.281941,-0.290073,-0.297527,-0.304286,-0.310335,-0.315658,-0.320245,-0.324084,-0.327165,-0.329483,-0.331031,-0.331806,-0.331806,-0.331031,-0.329483,-0.327165,-0.324084,-0.320245,-0.315658,-0.310335,-0.304286,-0.297527,-0.290073,-0.281941,-0.273151,-0.263723,-0.253679,-0.243042,-0.231838,-0.220092,-0.207833,-0.195088,-0.181887,-0.168261,-0.154243,-0.139864,-0.125159,-0.110161,-0.0949062,-0.0794296,-0.0637674,-0.0479563,-0.0320333,-0.0160354,-3.90788e-17,0.0160354,0.0320333,0.0479563,0.0637674,0.0794296,0.0949062,0.110161,0.125159,0.139864,0.154243,0.168261,0.181887,0.195088,0.207833,0.220092,0.231838,0.243042,0.253679,0.263723,0.273151,0.281941,0.290073,0.297527,0.304286,0.310335,0.315658,0.320245,0.324084,0.327165,0.329483,0.331031,0.331806,0.331806,0.331031,0.329483,0.327165,0.324084,0.320245,0.315658,0.310335,0.304286,0.297527,0.290073,0.281941,0.273151,0.263723,0.253679,0.243042,0.231838,0.220092,0.207833,0.195088,0.181887,0.168261,0.154243,0.139864,0.125159,0.110161,0.0949062,0.0794296,0.0637674,0.0479563,0.0320333,0.0160354,0
0,-0.0182185,-0.0363944,-0.0544853,-0.0724489,-0.0902434,-0.107827,-0.125159,-0.142198,-0.158906,-0.175242,-0.191169,-0.20665,-0.221647,-0.236128,-0.250056,-0.263401,-0.276131,-0.288215,-0.299627,-0.310338,-0.320325,-0.329564,-0.338033,-0.345712,-0.352585,-0.358633,-0.363844,-0.368205,-0.371707,-0.37434,-0.376099,-0.376979,-0.376979,-0.376099,-0.37434,-0.371707,-0.368205,-0.363844,-0.358633,-0.352585,-0.345712,-0.338033,-0.329564,-0.320325,-0.310338,-0.299627,-0.288215,-0.276131,-0.263401,-0.250056,-0.236128,-0.221647,-0.20665,-0.191169,-0.175242,-0.158906,-0.142198,-0.125159,-0.107827,-0.0902434,-0.0724489,-0.0544853,-0.0363944,-0.0182185,-2.86769e-17,0.0182185,0.0363944,0.0544853,0.0724489,0.0902434,0.107827,0.125159,0.142198,0.158906,0.175242,0.191169,0.20665,0.221647,0.236128,0.250056,0.263401,0.276131,0.288215,0.299627,0.310338,0.320325,0.329564,0.338033,0.345712,0.352585,0.358633,0.363844,0.368205,0.371707,0.37434,0.376099,0.376979,0.376979,0.376099,0.37434,0.371707,0.368205,0.363844,0.358633,0.352585,0.345712,0.338033,0.329564,0.320325,0.310338,0.299627,0.288215,0.276131,0.263401,0.250056,0.236128,0.221647,0.20665,0.191169,0.175242,0.158906,0.142198,0.125159,0.107827,0.0902434,0.0724489,0.0544853,0.0363944,0.0182185,0
0,-0.020359,-0.0406705,-0.0608869,-0.0809612,-0.100846,-0.120496,-0.139864,-0.158906,-0.177576,-0.195832,-0.21363,-0.23093,-0.24769,-0.263871,-0.279436,-0.294349,-0.308574,-0.322079,-0.334831,-0.346801,-0.357961,-0.368286,-0.37775,-0.386331,-0.394011,-0.40077,-0.406594,-0.411467,-0.41538,-0.418322,-0.420288,-0.421272,-0.421272,-0.420288,-0.418322,-0.41538,-0.411467,-0.406594,-0.40077,-0.394011,-0.386331,-0.37775,-0.368286,-0.357961,-0.346801,-0.334831,-0.322079,-0.308574,-0.294349,-0.279436,-0.263871,-0.24769,-0.23093,-0.21363,-0.195832,-0.177576,-0.158906,-0.139864,-0.120496,-0.100846,-0.0809612,-0.0608869,-0.0406705,-0.020359,-4.86325e-17,0.020359,0.0406705,0.0608869,0.0809612,0.100846,0.120496,0.139864,0.158906,0.177576,0.195832,0.21363,0.23093,0.24769,0.263871,0.279436,0.294349,0.308574,0.322079,0.334831,0.346801,0.357961,0.368286,0.37775,0.386331,0.394011,0.40077,0.406594,0.411467,0.41538,0.418322,0.420288,0.421272,0.421272,0.420288,0.418322,0.41538,0.411467,0.406594,0.40077,0.394011,0.386331,0.37775,0.368286,0.357961,0.346801,0.334831,0.322079,0.308574,0.294349,0.279436,0.263871,0.24769,0.23093,0.21363,0.195832,0.177576,0.158906,0.139864,0.120496,0.100846,0.0809612,0.0608869,0.0406705,0.020359,0
0,-0.022452,-0.0448516,-0.0671464,-0.0892844,-0.111214,-0.132884,-0.154243,-0.175242,-0.195832,-0.215964,-0.235592,-0.25467,-0.273153,-0.290998,-0.308164,-0.32461,-0.340297,-0.35519,-0.369253,-0.382454,-0.394762,-0.406147,-0.416584,-0.426048,-0.434517,-0.441971,-0.448393,-0.453768,-0.458083,-0.461328,-0.463496,-0.464581,-0.464581,-0.463496,-0.461328,-0.458083,-0.453768,-0.448393,-0.441971,-0.434517,-0.426048,-0.416584,-0.406147,-0.394762,-0.382454,-0.369253,-0.35519,-0.340297,-0.32461,-0.308164,-0.290998,-0.273153,-0.25467,-0.235592,-0.215964,-0.195832,-0.175242,-0.154243,-0.132884,-0.111214,-0.0892844,-0.0671464,-0.0448516,-0.022452,-3.56283e-17,0.022452,0.0448516,0.0671464,0.0892844,0.111214,0.132884,0.154243,0.175242,0.195832,0.215964,0.235592,0.25467,0.273153,0.290998,0.308164,0.32461,0.340297,0.35519,0.369253,0.382454,0.394762,0.406147,0.416584,0.426048,0.434517,0.441971,0.448393,0.453768,0.458083,0.461328,0.463496,0.464581,0.464581,0.463496,0.461328,0.458083,0.453768,0.448393,0.441971,0.434517,0.426048,0.416584,0.406147,0.394762,0.382454,0.369253,0.35519,0.340297,0.32461,0.308164,0.290998,0.273153,0.25467,0.235592,0.215964,0.195832,0.175242,0.154243,0.132884,0.111214,0.0892844,0.0671464,0.0448516,0.022452,0
0,-0.0244926,-0.048928,-0.0732491,-0.0973991,-0.121322,-0.144961,-0.168261,-0.191169,-0.21363,-0.235592,-0.257004,-0.277816,-0.297979,-0.317446,-0.336172,-0.354112,-0.371225,-0.387472,-0.402813,-0.417214,-0.43064,-0.44306,-0.454446,-0.46477,-0.474009,-0.48214,-0.489146,-0.495009,-0.499716,-0.503256,-0.505621,-0.506804,-0.506804,-0.505621,-0.503256,-0.499716,-0.495009,-0.489146,-0.48214,-0.474009,-0.46477,-0.454446,-0.44306,-0.43064,-0.417214,-0.402813,-0.387472,-0.371225,-0.354112,-0.336172,-0.317446,-0.297979,-0.277816,-0.257004,-0.235592,-0.21363,-0.191169,-0.168261,-0.144961,-0.121322,-0.0973991,-0.0732491,-0.048928,-0.0244926,-5.6451e-17,0.0244926,0.048928,0.0732491,0.0973991,0.121322,0.144961,0.168261,0.191169,0.21363,0.235592,0.257004,0.277816,0.297979,0.317446,0.336172,0.354112,0.371225,0.387472,0.402813,0.417214,0.43064,0.44306,0.454446,0.46477,0.474009,0.48214,0.489146,0.495009,0.499716,0.503256,0.505621,0.506804,0.506804,0.505621,0.503256,0.499716,0.495009,0.489146,0.48214,0.474009,0.46477,0.454446,0.44306,0.43064,0.417214,0.402813,0.387472,0.371225,0.354112,0.336172,0.317446,0.297979,0.277816,0.257004,0.235592,0.21363,0.191169,0.168261,0.144961,0.121322,0.0973991,0.0732491,0.048928,0.0244926,0
0,-0.0264759,-0.05289,-0.0791806,-0.105286,-0.131146,-0.156699,-0.181887,-0.20665,-0.23093,-0.25467,-0.277816,-0.300313,-0.322109,-0.343152,-0.363394,-0.382787,-0.401286,-0.418848,-0.435432,-0.450999,-0.465512,-0.478938,-0.491246,-0.502406,-0.512393,-0.521183,-0.528756,-0.535094,-0.540182,-0.544009,-0.546565,-0.547844,-0.547844,-0.546565,-0.544009,-0.540182,-0.535094,-0.528756,-0.521183,-0.512393,-0.502406,-0.491246,-0.478938,-0.465512,-0.450999,-0.435432,-0.418848,-0.401286,-0.382787,-0.363394,-0.343152,-0.322109,-0.300313,-0.277816,-0.25467,-0.23093,-0.20665,-0.181887,-0.156699,-0.131146,-0.105286,-0.0791806,-0.05289,-0.0264759,-4.17118e-17,0.0264759,0.05289,0.0791806,0.105286,0.131146,0.156699,0.181887,0.20665,0.23093,0.25467,0.277816,0.300313,0.322109,0.343152,0.363394,0.382787,0.401286,0.418848,0.435432,0.450999,0.465512,0.478938,0.491246,0.502406,0.512393,0.521183,0.528756,0.535094,0.540182,0.544009,0.546565,0.547844,0.547844,0.546565,0.544009,0.540182,0.535094,0.528756,0.521183,0.512393,0.502406,0.491246,0.478938,0.465512,0.450999,0.435432,0.418848,0.401286,0.382787,0.363394,0.343152,0.322109,0.300313,0.277816,0.25467,0.23093,0.20665,0.181887,0.156699,0.131146,0.105286,0.0791806,0.05289,0.0264759,0
0,-0.0283975,-0.0567286,-0.0849273,-0.112928,-0.140664,-0.168072,-0.195088,-0.221647,-0.24769,-0.273153,-0.297979,-0.322109,-0.345486,-0.368057,-0.389768,-0.410569,-0.43041,-0.449247,-0.467034,-0.483731,-0.499297,-0.513698,-0.526899,-0.538869,-0.549581,-0.559009,-0.567131,-0.573929,-0.579387,-0.583491,-0.586232,-0.587605,-0.587605,-0.586232,-0.583491,-0.579387,-0.573929,-0.567131,-0.559009,-0.549581,-0.538869,-0.526899,-0.513698,-0.499297,-0.483731,-0.467034,-0.449247,-0.43041,-0.410569,-0.389768,-0.368057,-0.345486,-0.322109,-0.297979,-0.273153,-0.24769,-0.221647,-0.195088,-0.168072,-0.140664,-0.112928,-0.0849273,-0.0567286,-0.0283975,-5.81973e-17,0.0283975,0.0567286,0.0849273,0.112928,0.140664,0.168072,0.195088,0.221647,0.24769,0.273153,0.297979,0.322109,0.345486,0.368057,0.389768,0.410569,0.43041,0.449247,0.467034,0.483731,0.499297,0.513698,0.526899,0.538869,0.549581,0.559009,0.567131,0.573929,0.579387,0.583491,0.586232,0.587605,0.587605,0.586232,0.583491,0.579387,0.573929,0.567131,0.559009,0.549581,0.538869,0.526899,0.513698,0.499297,0.483731,0.467034,0.449247,0.43041,0.410569,0.389768,0.368057,0.345486,0.322109,0.297979,0.273153,0.24769,0.221647,0.195088,0.168072,0.140664,0.112928,0.0849273,0.0567286,0.0283975,0
0,-0.0302527,-0.0604347,-0.0904756,-0.120305,-0.149854,-0.179052,-0.207833,-0.236128,-0.263871,-0.290998,-0.317446,-0.343152,-0.368057,-0.392102,-0.415231,-0.437391,-0.458529,-0.478596,-0.497545,-0.515333,-0.531916,-0.547258,-0.561321,-0.574073,-0.585485,-0.595529,-0.604182,-0.611424,-0.617238,-0.62161,-0.624531,-0.625993,-0.625993,-0.624531,-0.62161,-0.617238,-0.611424,-0.604182,-0.595529,-0.585485,-0.574073,-0.561321,-0.547258,-0.531916,-0.515333,-0.497545,-0.478596,-0.458529,-0.437391,-0.415231,-0.392102,-0.368057,-0.343152,-0.317446,-0.290998,-0.263871,-0.236128,-0.207833,-0.179052,-0.149854,-0.120305,-0.0904756,-0.0604347,-0.0302527,-3.91208e-17,0.0302527,0.0604347,0.0904756,0.120305,0.149854,0.179052,0.207833,0.236128,0.263871,0.290998,0.317446,0.343152,0.368057,0.392102,0.415231,0.437391,0.458529,0.478596,0.497545,0.515333,0.531916,0.547258,0.561321,0.574073,0.585485,0.595529,0.604182,0.611424,0.617238,0.62161,0.624531,0.625993,0.625993,0.624531,0.62161,0.617238,0.611424,0.604182,0.595529,0.585485,0.574073,0.561321,0.547258,0.531916,0.515333,0.497545,0.478596,0.458529,0.437391,0.415231,0.392102,0.368057,0.343152,0.317446,0.290998,0.263871,0.236128,0.207833,0.179052,0.149854,0.120305,0.0904756,0.0604347,0.0302527,0
0,-0.0320372,-0.0639996,-0.0958125,-0.127402,-0.158693,-0.189614,-0.220092,-0.250056,-0.279436,-0.308164,-0.336172,-0.363394,-0.389768,-0.415231,-0.439725,-0.463192,-0.485577,-0.506828,-0.526895,-0.545731,-0.563293,-0.579539,-0.594432,-0.607937,-0.620021,-0.630658,-0.639821,-0.647491,-0.653648,-0.658278,-0.661371,-0.662919,-0.662919,-0.661371,-0.658278,-0.653648,-0.647491,-0.639821,-0.630658,-0.620021,-0.607937,-0.594432,-0.579539,-0.563293,-0.545731,-0.526895,-0.506828,-0.485577,-0.463192,-0.439725,-0.415231,-0.389768,-0.363394,-0.336172,-0.308164,-0.279436,-0.250056,-0.220092,-0.189614,-0.158693,-0.127402,-0.0958125,-0.0639996,-0.0320372,-5.73407e-17,0.0320372,0.0639996,0.0958125,0.127402,0.158693,0.189614,0.220092,0.250056,0.279436,0.308164,0.336172,0.363394,0.389768,0.415231,0.439725,0.463192,0.485577,0.506828,0.526895,0.545731,0.563293,0.579539,0.594432,0.607937,0.620021,0.630658,0.639821,0.647491,0.653648,0.658278,0.661371,0.662919,0.662919,0.661371,0.658278,0.653648,0.647491,0.639821,0.630658,0.620021,0.607937,0.594432,0.579539,0.563293,0.545731,0.526895,0.506828,0.485577,0.463192,0.439725,0.415231,0.389768,0.363394,0.336172,0.308164,0.279436,0.250056,0.220092,0.189614,0.158693,0.127402,0.0958125,0.0639996,0.0320372,0
0,-0.0337469,-0.0674151,-0.100926,-0.134201,-0.167162,-0.199733,-0.231838,-0.263401,-0.294349,-0.32461,-0.354112,-0.382787,-0.410569,-0.437391,-0.463192,-0.487911,-0.51149,-0.533875,-0.555013,-0.574855,-0.593354,-0.610468,-0.626155,-0.64038,-0.65311,-0.664314,-0.673966,-0.682045,-0.688531,-0.693408,-0.696666,-0.698297,-0.698297,-0.696666,-0.693408,-0.688531,-0.682045,-0.673966,-0.664314,-0.65311,-0.64038,-0.626155,-0.610468,-0.593354,-0.574855,-0.555013,-0.533875,-0.51149,-0.487911,-0.463192,-0.437391,-0.410569,-0.382787,-0.354112,-0.32461,-0.294349,-0.263401,-0.231838,-0.199733,-0.167162,-0.134201,-0.100926,-0.0674151,-0.0337469,-3.30597e-17,0.0337469,0.0674151,0.100926,0.134201,0.167162,0.199733,0.231838,0.263401,0.294349,0.32461,0.354112,0.382787,0.410569,0.437391,0.463192,0.487911,0.51149,0.533875,0.555013,0.574855,0.593354,0.610468,0.626155,0.64038,0.65311,0.664314,0.673966,0.682045,0.688531,0.693408,0.696666,0.698297,0.698297,0.696666,0.693408,0.688531,0.682045,0.673966,0.664314,0.65311,0.64038,0.626155,0.610468,0.593354,0.574855,0.555013,0.533875,0.51149,0.487911,0.463192,0.437391,0.410569,0.382787,0.354112,0.32461,0.294349,0.263401,0.231838,0.199733,0.167162,0.134201,0.100926,0.0674151,0.0337469,0
0,-0.0353778,-0.0706731,-0.105803,-0.140686,-0.175241,-0.209386,-0.243042,-0.276131,-0.308574,-0.340297,-0.371225,-0.401286,-0.43041,-0.458529,-0.485577,-0.51149,-0.536209,-0.559676,-0.581836,-0.602636,-0.622029,-0.63997,-0.656416,-0.671328,-0.684673,-0.696419,-0.706538,-0.715007,-0.721806,-0.726919,-0.730334,-0.732044,-0.732044,-0.730334,-0.726919,-0.721806,-0.715007,-0.706538,-0.696419,-0.684673,-0.671328,-0.656416,-0.63997,-0.622029,-0.602636,-0.581836,-0.559676,-0.536209,-0.51149,-0.485577,-0.458529,-0.43041,-0.401286,-0.371225,-0.340297,-0.308574,-0.276131,-0.243042,-0.209386,-0.175241,-0.140686,-0.105803,-0.0706731,-0.0353778,-5.73506e-17,0.0353778,0.0706731,0.105803,0.140686,0.175241,0.209386,0.243042,0.276131,0.308574,0.340297,0.371225,0.401286,0.43041,0.458529,0.485577,0.51149,0.536209,0.559676,0.581836,0.602636,0.622029,0.63997,0.656416,0.671328,0.684673,0.696419,0.706538,0.715007,0.721806,0.726919,0.730334,0.732044,0.732044,0.730334,0.726919,0.721806,0.715007,0.706538,0.696419,0.684673,0.671328,0.656416,0.63997,0.622029,0.602636,0.581836,0.559676,0.536209,0.51149,0.485577,0.458529,0.43041,0.401286,0.371225,0.340297,0.308574,0.276131,0.243042,0.209386,0.175241,0.140686,0.105803,0.0706731,0.0353778,0
0,-0.0369261,-0.073766,-0.110434,-0.146843,-0.18291,-0.21855,-0.253679,-0.288215,-0.322079,-0.35519,-0.387472,-0.418848,-0.449247,-0.478596,-0.506828,-0.533875,-0.559676,-0.58417,-0.607299,-0.62901,-0.649252,-0.667978,-0.685143,-0.700708,-0.714637,-0.726897,-0.737459,-0.746298,-0.753395,-0.758732,-0.762297,-0.764081,-0.764081,-0.762297,-0.758732,-0.753395,-0.746298,-0.737459,-0.726897,-0.714637,-0.700708,-0.685143,-0.667978,-0.649252,-0.62901,-0.607299,-0.58417,-0.559676,-0.533875,-0.506828,-0.478596,-0.449247,-0.418848,-0.387472,-0.35519,-0.322079,-0.288215,-0.253679,-0.21855,-0.18291,-0.146843,-0.110434,-0.073766,-0.0369261,-2.95996e-17,0.0369261,0.073766,0.110434,0.146843,0.18291,0.21855,0.253679,0.288215,0.322079,0.35519,0.387472,0.418848,0.449247,0.478596,0.506828,0.533875,0.559676,0.58417,0.607299,0.62901,0.649252,0.667978,0.685143,0.700708,0.714637,0.726897,0.737459,0.746298,0.753395,0.758732,0.762297,0.764081,0.764081,0.762297,0.758732,0.753395,0.746298,0.737459,0.726897,0.714637,0.700708,0.685143,0.667978,0.649252,0.62901,0.607299,0.58417,0.559676,0.533875,0.506828,0.478596,0.449247,0.418848,0.387472,0.35519,0.322079,0.288215,0.253679,0.21855,0.18291,0.146843,0.110434,0.073766,0.0369261,0
0,-0.0383882,-0.0766867,-0.114806,-0.152657,-0.190152,-0.227203,-0.263723,-0.299627,-0.334831,-0.369253,-0.402813,-0.435432,-0.467034,-0.497545,-0.526895,-0.555013,-0.581836,-0.607299,-0.631344,-0.653915,-0.674958,-0.694425,-0.71227,-0.728452,-0.742932,-0.755677,-0.766657,-0.775847,-0.783224,-0.788773,-0.792479,-0.794334,-0.794334,-0.792479,-0.788773,-0.783224,-0.775847,-0.766657,-0.755677,-0.742932,-0.728452,-0.71227,-0.694425,-0.674958,-0.653915,-0.631344,-0.607299,-0.581836,-0.555013,-0.526895,-0.497545,-0.467034,-0.435432,-0.402813,-0.369253,-0.334831,-0.299627,-0.263723,-0.227203,-0.190152,-0.152657,-0.114806,-0.0766867,-0.0383882,-5.73595e-17,0.0383882,0.0766867,0.114806,0.152657,0.190152,0.227203,0.263723,0.299627,0.334831,0.369253,0.402813,0.435432,0.467034,0.497545,0.526895,0.555013,0.581836,0.607299,0.631344,0.653915,0.674958,0.694425,0.71227,0.728452,0.742932,0.755677,0.766657,0.775847,0.783224,0.788773,0.792479,0.794334,0.794334,0.792479,0.788773,0.783224,0.775847,0.766657,0.755677,0.742932,0.728452,0.71227,0.694425,0.674958,0.653915,0.631344,0.607299,0.581836,0.555013,0.526895,0.497545,0.467034,0.435432,0.402813,0.369253,0.334831,0.299627,0.263723,0.227203,0.190152,0.152657,0.114806,0.0766867,0.0383882,0
0,-0.0397605,-0.0794282,-0.11891,-0.158115,-0.19695,-0.235325,-0.273151,-0.310338,-0.346801,-0.382454,-0.417214,-0.450999,-0.483731,-0.515333,-0.545731,-0.574855,-0.602636,-0.62901,-0.653915,-0.677292,-0.699088,-0.719251,-0.737734,-0.754494,-0.769492,-0.782693,-0.794065,-0.803583,-0.811225,-0.816971,-0.82081,-0.822731,-0.822731,-0.82081,-0.816971,-0.811225,-0.803583,-0.794065,-0.782693,-0.769492,-0.754494,-0.737734,-0.719251,-0.699088,-0.677292,-0.653915,-0.62901,-0.602636,-0.574855,-0.545731,-0.515333,-0.483731,-0.450999,-0.417214,-0.382454,-0.346801,-0.310338,-0.273151,-0.235325,-0.19695,-0.158115,-0.11891,-0.0794282,-0.0397605,-2.78733e-17,0.0397605,0.0794282,0.11891,0.158115,0.19695,0.235325,0.273151,0.310338,0.346801,0.382454,0.417214,0.450999,0.483731,0.515333,0.545731,0.574855,0.602636,0.62901,0.653915,0.677292,0.699088,0.719251,0.737734,0.754494,0.769492,0.782693,0.794065,0.803583,0.811225,0.816971,0.82081,0.822731,0.822731,0.82081,0.816971,0.811225,0.803583,0.794065,0.782693,0.769492,0.754494,0.737734,0.719251,0.699088,0.677292,0.653915,0.62901,0.602636,0.574855,0.545731,0.515333,0.483731,0.450999,0.417214,0.382454,0.346801,0.310338,0.273151,0.235325,0.19695,0.158115,0.11891,0.0794282,0.0397605,0
0,-0.0410401,-0.0819843,-0.122737,-0.163203,-0.203288,-0.242898,-0.281941,-0.320325,-0.357961,-0.394762,-0.43064,-0.465512,-0.499297,-0.531916,-0.563293,-0.593354,-0.622029,-0.649252,-0.674958,-0.699088,-0.721585,-0.742397,-0.761475,-0.778774,-0.794254,-0.80788,-0.819619,-0.829443,-0.83733,-0.843262,-0.847224,-0.849207,-0.849207,-0.847224,-0.843262,-0.83733,-0.829443,-0.819619,-0.80788,-0.794254,-0.778774,-0.761475,-0.742397,-0.721585,-0.699088,-0.674958,-0.649252,-0.622029,-0.593354,-0.563293,-0.531916,-0.499297,-0.465512,-0.43064,-0.394762,-0.357961,-0.320325,-0.281941,-0.242898,-0.203288,-0.163203,-0.122737,-0.0819843,-0.0410401,-5.56327e-17,0.0410401,0.0819843,0.122737,0.163203,0.203288,0.242898,0.281941,0.320325,0.357961,0.394762,0.43064,0.465512,0.499297,0.531916,0.563293,0.593354,0.622029,0.649252,0.674958,0.699088,0.721585,0.742397,0.761475,0.778774,0.794254,0.80788,0.819619,0.829443,0.83733,0.843262,0.847224,0.849207,0.849207,0.847224,0.843262,0.83733,0.829443,0.819619,0.80788,0.794254,0.778774,0.761475,0.742397,0.721585,0.699088,0.674958,0.649252,0.622029,0.593354,0.563293,0.531916,0.499297,0.465512,0.43064,0.394762,0.357961,0.320325,0.281941,0.242898,0.203288,0.163203,0.122737,0.0819843,0.0410401,0
0,-0.0422237,-0.0843488,-0.126277,-0.16791,-0.209151,-0.249904,-0.290073,-0.329564,-0.368286,-0.406147,-0.44306,-0.478938,-0.513698,-0.547258,-0.579539,-0.610468,-0.63997,-0.667978,-0.694425,-0.719251,-0.742397,-0.763809,-0.783437,-0.801235,-0.817162,-0.831181,-0.843258,-0.853366,-0.86148,-0.867583,-0.871659,-0.8737,-0.8737,-0.871659,-0.867583,-0.86148,-0.853366,-0.843258,-0.831181,-0.817162,-0.801235,-0.783437,-0.763809,-0.742397,-0.719251,-0.694425,-0.667978,-0.63997,-0.610468,-0.579539,-0.547258,-0.513698,-0.478938,-0.44306,-0.406147,-0.368286,-0.329564,-0.290073,-0.249904,-0.209151,-0.16791,-0.126277,-0.0843488,-0.0422237,-2.78806e-17,0.0422237,0.0843488,0.126277,0.16791,0.209151,0.249904,0.290073,0.329564,0.368286,0.406147,0.44306,0.478938,0.513698,0.547258,0.579539,0.610468,0.63997,0.667978,0.694425,0.719251,0.742397,0.763809,0.783437,0.801235,0.817162,0.831181,0.843258,0.853366,0.86148,0.867583,0.871659,0.8737,0.8737,0.871659,0.867583,0.86148,0.853366,0.843258,0.831181,0.817162,0.801235,0.783437,0.763809,0.742397,0.719251,0.694425,0.667978,0.63997,0.610468,0.579539,0.547258,0.513698,0.478938,0.44306,0.406147,0.368286,0.329564,0.290073,0.249904,0.209151,0.16791,0.126277,0.0843488,0.0422237,0
0,-0.0433088,-0.0865164,-0.129522,-0.172225,-0.214526,-0.256326,-0.297527,-0.338033,-0.37775,-0.416584,-0.454446,-0.491246,-0.526899,-0.561321,-0.594432,-0.626155,-0.656416,-0.685143,-0.71227,-0.737734,-0.761475,-0.783437,-0.803569,-0.821825,-0.838161,-0.85254,-0.864928,-0.875295,-0.883618,-0.889878,-0.894059,-0.896152,-0.896152,-0.894059,-0.889878,-0.883618,-0.875295,-0.864928,-0.85254,-0.838161,-0.821825,-0.803569,-0.783437,-0.761475,-0.737734,-0.71227,-0.685143,-0.656416,-0.626155,-0.594432,-0.561321,-0.526899,-0.491246,-0.454446,-0.416584,-0.37775,-0.338033,-0.297527,-0.256326,-0.214526,-0.172225,-0.129522,-0.0865164,-0.0433088,-5.39047e-17,0.0433088,0.0865164,0.129522,0.172225,0.214526,0.256326,0.297527,0.338033,0.37775,0.416584,0.454446,0.491246,0.526899,0.561321,0.594432,0.626155,0.656416,0.685143,0.71227,0.737734,0.761475,0.783437,0.803569,0.821825,0.838161,0.85254,0.864928,0.875295,0.883618,0.889878,0.894059,0.896152,0.896152,0.894059,0.889878,0.883618,0.875295,0.864928,0.85254,0.838161,0.821825,0.803569,0.783437,0.761475,0.737734,0.71227,0.685143,0.656416,0.626155,0.594432,0.561321,0.526899,0.491246,0.454446,0.416584,0.37775,0.338033,0.297527,0.256326,0.214526,0.172225,0.129522,0.0865164,0.0433088,0
0,-0.0442927,-0.0884819,-0.132464,-0.176138,-0.219399,-0.262149,-0.304286,-0.345712,-0.386331,-0.426048,-0.46477,-0.502406,-0.538869,-0.574073,-0.607937,-0.64038,-0.671328,-0.700708,-0.728452,-0.754494,-0.778774,-0.801235,-0.821825,-0.840495,-0.857203,-0.871908,-0.884577,-0.89518,-0.903693,-0.910094,-0.91437,-0.916511,-0.916511,-0.91437,-0.910094,-0.903693,-0.89518,-0.884577,-0.871908,-0.857203,-0.840495,-0.821825,-0.801235,-0.778774,-0.754494,-0.728452,-0.700708,-0.671328,-0.64038,-0.607937,-0.574073,-0.538869,-0.502406,-0.46477,-0.426048,-0.386331,-0.345712,-0.304286,-0.262149,-0.219399,-0.176138,-0.132464,-0.0884819,-0.0442927,-3.13562e-17,0.0442927,0.0884819,0.132464,0.176138,0.219399,0.262149,0.304286,0.345712,0.386331,0.426048,0.46477,0.502406,0.538869,0.574073,0.607937,0.64038,0.671328,0.700708,0.728452,0.754494,0.778774,0.801235,0.821825,0.840495,0.857203,0.871908,0.884577,0.89518,0.903693,0.910094,0.91437,0.916511,0.916511,0.91437,0.910094,0.903693,0.89518,0.884577,0.871908,0.857203,0.840495,0.821825,0.801235,0.778774,0.754494,0.728452,0.700708,0.671328,0.64038,0.607937,0.574073,0.538869,0.502406,0.46477,0.426048,0.386331,0.345712,0.304286,0.262149,0.219399,0.176138,0.132464,0.0884819,0.0442927,0
0,-0.0451731,-0.0902407,-0.135098,-0.179639,-0.223761,-0.26736,-0.310335,-0.352585,-0.394011,-0.434517,-0.474009,-0.512393,-0.549581,-0.585485,-0.620021,-0.65311,-0.684673,-0.714637,-0.742932,-0.769492,-0.794254,-0.817162,-0.838161,-0.857203,-0.874242,-0.88924,-0.902161,-0.912975,-0.921656,-0.928185,-0.932546,-0.934729,-0.934729,-0.932546,-0.928185,-0.921656,-0.912975,-0.902161,-0.88924,-0.874242,-0.857203,-0.838161,-0.817162,-0.794254,-0.769492,-0.742932,-0.714637,-0.684673,-0.65311,-0.620021,-0.585485,-0.549581,-0.512393,-0.474009,-0.434517,-0.394011,-0.352585,-0.310335,-0.26736,-0.223761,-0.179639,-0.135098,-0.0902407,-0.0451731,-4.8706e-17,0.0451731,0.0902407,0.135098,0.179639,0.223761,0.26736,0.310335,0.352585,0.394011,0.434517,0.474009,0.512393,0.549581,0.585485,0.620021,0.65311,0.684673,0.714637,0.742932,0.769492,0.794254,0.817162,0.838161,0.857203,0.874242,0.88924,0.902161,0.912975,0.921656,0.928185,0.932546,0.934729,0.934729,0.932546,0.928185,0.921656,0.912975,0.902161,0.88924,0.874242,0.857203,0.838161,0.817162,0.794254,0.769492,0.742932,0.714637,0.684673,0.65311,0.620021,0.585485,0.549581,0.512393,0.474009,0.434517,0.394011,0.352585,0.310335,0.26736,0.223761,0.179639,0.135098,0.0902407,0.0451731,0
0,-0.0459481,-0.0917888,-0.137415,-0.182721,-0.227599,-0.271946,-0.315658,-0.358633,-0.40077,-0.441971,-0.48214,-0.521183,-0.559009,-0.595529,-0.630658,-0.664314,-0.696419,-0.726897,-0.755677,-0.782693,-0.80788,-0.831181,-0.85254,-0.871908,-0.88924,-0.904495,-0.917638,-0.928637,-0.937467,-0.944108,-0.948544,-0.950765,-0.950765,-0.948544,-0.944108,-0.937467,-0.928637,-0.917638,-0.904495,-0.88924,-0.871908,-0.85254,-0.831181,-0.80788,-0.782693,-0.755677,-0.726897,-0.696419,-0.664314,-0.630658,-0.595529,-0.559009,-0.521183,-0.48214,-0.441971,-0.40077,-0.358633,-0.315658,-0.271946,-0.227599,-0.182721,-0.137415,-0.0917888,-0.0459481,-3.65652e-17,0.0459481,0.0917888,0.137415,0.182721,0.227599,0.271946,0.315658,0.358633,0.40077,0.441971,0.48214,0.521183,0.559009,0.595529,0.630658,0.664314,0.696419,0.726897,0.755677,0.782693,0.80788,0.831181,0.85254,0.871908,0.88924,0.904495,0.917638,0.928637,0.937467,0.944108,0.948544,0.950765,0.950765,0.948544,0.944108,0.937467,0.928637,0.917638,0.904495,0.88924,0.871908,0.85254,0.831181,0.80788,0.782693,0.755677,0.726897,0.696419,0.664314,0.630658,0.595529,0.559009,0.521183,0.48214,0.441971,0.40077,0.358633,0.315658,0.271946,0.227599,0.182721,0.137415,0.0917888,0.0459481,0
0,-0.0466157,-0.0931225,-0.139412,-0.185376,-0.230906,-0.275898,-0.320245,-0.363844,-0.406594,-0.448393,-0.489146,-0.528756,-0.567131,-0.604182,-0.639821,-0.673966,-0.706538,-0.737459,-0.766657,-0.794065,-0.819619,-0.843258,-0.864928,-0.884577,-0.902161,-0.917638,-0.930971,-0.94213,-0.951089,-0.957826,-0.962327,-0.964579,-0.964579,-0.962327,-0.957826,-0.951089,-0.94213,-0.930971,-0.917638,-0.902161,-0.884577,-0.864928,-0.843258,-0.819619,-0.794065,-0.766657,-0.737459,-0.706538,-0.673966,-0.639821,-0.604182,-0.567131,-0.528756,-0.489146,-0.448393,-0.406594,-0.363844,-0.320245,-0.275898,-0.230906,-0.185376,-0.139412,-0.0931225,-0.0466157,-3.83019e-17,0.0466157,0.0931225,0.139412,0.185376,0.230906,0.275898,0.320245,0.363844,0.406594,0.448393,0.489146,0.528756,0.567131,0.604182,0.639821,0.673966,0.706538,0.737459,0.766657,0.794065,0.819619,0.843258,0.864928,0.884577,0.902161,0.917638,0.930971,0.94213,0.951089,0.957826,0.962327,0.964579,0.964579,0.962327,0.957826,0.951089,0.94213,0.930971,0.917638,0.902161,0.884577,0.864928,0.843258,0.819619,0.794065,0.766657,0.737459,0.706538,0.673966,0.639821,0.604182,0.567131,0.528756,0.489146,0.448393,0.406594,0.363844,0.320245,0.275898,0.230906,0.185376,0.139412,0.0931225,0.0466157,0
0,-0.0471745,-0.0942388,-0.141083,-0.187598,-0.233674,-0.279205,-0.324084,-0.368205,-0.411467,-0.453768,-0.495009,-0.535094,-0.573929,-0.611424,-0.647491,-0.682045,-0.715007,-0.746298,-0.775847,-0.803583,-0.829443,-0.853366,-0.875295,-0.89518,-0.912975,-0.928637,-0.94213,-0.953423,-0.962489,-0.969307,-0.973862,-0.976141,-0.976141,-0.973862,-0.969307,-0.962489,-0.953423,-0.94213,-0.928637,-0.912975,-0.89518,-0.875295,-0.853366,-0.829443,-0.803583,-0.775847,-0.746298,-0.715007,-0.682045,-0.647491,-0.611424,-0.573929,-0.535094,-0.495009,-0.453768,-0.411467,-0.368205,-0.324084,-0.279205,-0.233674,-0.187598,-0.141083,-0.0942388,-0.0471745,-3.48341e-17,0.0471745,0.0942388,0.141083,0.187598,0.233674,0.279205,0.324084,0.368205,0.411467,0.453768,0.495009,0.535094,0.573929,0.611424,0.647491,0.682045,0.715007,0.746298,0.775847,0.803583,0.829443,0.853366,0.875295,0.89518,0.912975,0.928637,0.94213,0.953423,0.962489,0.969307,0.973862,0.976141,0.976141,0.973862,0.969307,0.962489,0.953423,0.94213,0.928637,0.912975,0.89518,0.875295,0.853366,0.829443,0.803583,0.775847,0.746298,0.715007,0.682045,0.647491,0.611424,0.573929,0.535094,0.495009,0.453768,0.411467,0.368205,0.324084,0.279205,0.233674,0.187598,0.141083,0.0942388,0.0471745,0
0,-0.047623,-0.0951349,-0.142425,-0.189381,-0.235896,-0.28186,-0.327165,-0.371707,-0.41538,-0.458083,-0.499716,-0.540182,-0.579387,-0.617238,-0.653648,-0.688531,-0.721806,-0.753395,-0.783224,-0.811225,-0.83733,-0.86148,-0.883618,-0.903693,-0.921656,-0.937467,-0.951089,-0.962489,-0.971641,-0.978524,-0.983122,-0.985424,-0.985424,-0.983122,-0.978524,-0.971641,-0.962489,-0.951089,-0.937467,-0.921656,-0.903693,-0.883618,-0.86148,-0.83733,-0.811225,-0.783224,-0.753395,-0.721806,-0.688531,-0.653648,-0.617238,-0.579387,-0.540182,-0.499716,-0.458083,-0.41538,-0.371707,-0.327165,-0.28186,-0.235896,-0.189381,-0.142425,-0.0951349,-0.047623,-3.1366e-17,0.047623,0.0951349,0.142425,0.189381,0.235896,0.28186,0.327165,0.371707,0.41538,0.458083,0.499716,0.540182,0.579387,0.617238,0.653648,0.688531,0.721806,0.753395,0.783224,0.811225,0.83733,0.86148,0.883618,0.903693,0.921656,0.937467,0.951089,0.962489,0.971641,0.978524,0.983122,0.985424,0.985424,0.983122,0.978524,0.971641,0.962489,0.951089,0.937467,0.921656,0.903693,0.883618,0.86148,0.83733,0.811225,0.783224,0.753395,0.721806,0.688531,0.653648,0.617238,0.579387,0.540182,0.499716,0.458083,0.41538,0.371707,0.327165,0.28186,0.235896,0.189381,0.142425,0.0951349,0.047623,0
0,-0.0479604,-0.0958088,-0.143433,-0.190723,-0.237567,-0.283857,-0.329483,-0.37434,-0.418322,-0.461328,-0.503256,-0.544009,-0.583491,-0.62161,-0.658278,-0.693408,-0.726919,-0.758732,-0.788773,-0.816971,-0.843262,-0.867583,-0.889878,-0.910094,-0.928185,-0.944108,-0.957826,-0.969307,-0.978524,-0.985456,-0.990086,-0.992404,-0.992404,-0.990086,-0.985456,-0.978524,-0.969307,-0.957826,-0.944108,-0.928185,-0.910094,-0.889878,-0.867583,-0.843262,-0.816971,-0.788773,-0.758732,-0.726919,-0.693408,-0.658278,-0.62161,-0.583491,-0.544009,-0.503256,-0.461328,-0.418322,-0.37434,-0.329483,-0.283857,-0.237567,-0.190723,-0.143433,-0.0958088,-0.0479604,-3.1367e-17,0.0479604,0.0958088,0.143433,0.190723,0.237567,0.283857,0.329483,0.37434,0.418322,0.461328,0.503256,0.544009,0.583491,0.62161,0.658278,0.693408,0.726919,0.758732,0.788773,0.816971,0.843262,0.867583,0.889878,0.910094,0.928185,0.944108,0.957826,0.969307,0.978524,0.985456,0.990086,0.992404,0.992404,0.990086,0.985456,0.978524,0.969307,0.957826,0.944108,0.928185,0.910094,0.889878,0.867583,0.843262,0.816971,0.788773,0.758732,0.726919,0.693408,0.658278,0.62161,0.583491,0.544009,0.503256,0.461328,0.418322,0.37434,0.329483,0.283857,0.237567,0.190723,0.143433,0.0958088,0.0479604,0
0,-0.0481857,-0.096259,-0.144107,-0.191619,-0.238683,-0.28519,-0.331031,-0.376099,-0.420288,-0.463496,-0.505621,-0.546565,-0.586232,-0.624531,-0.661371,-0.696666,-0.730334,-0.762297,-0.792479,-0.82081,-0.847224,-0.871659,-0.894059,-0.91437,-0.932546,-0.948544,-0.962327,-0.973862,-0.983122,-0.990086,-0.994738,-0.997067,-0.997067,-0.994738,-0.990086,-0.983122,-0.973862,-0.962327,-0.948544,-0.932546,-0.91437,-0.894059,-0.871659,-0.847224,-0.82081,-0.792479,-0.762297,-0.730334,-0.696666,-0.661371,-0.624531,-0.586232,-0.546565,-0.505621,-0.463496,-0.420288,-0.376099,-0.331031,-0.28519,-0.238683,-0.191619,-0.144107,-0.096259,-0.0481857,-3.31024e-17,0.0481857,0.096259,0.144107,0.191619,0.238683,0.28519,0.331031,0.376099,0.420288,0.463496,0.505621,0.546565,0.586232,0.624531,0.661371,0.696666,0.730334,0.762297,0.792479,0.82081,0.847224,0.871659,0.894059,0.91437,0.932546,0.948544,0.962327,0.973862,0.983122,0.990086,0.994738,0.997067,0.997067,0.994738,0.990086,0.983122,0.973862,0.962327,0.948544,0.932546,0.91437,0.894059,0.871659,0.847224,0.82081,0.792479,0.762297,0.730334,0.696666,0.661371,0.624531,0.586232,0.546565,0.505621,0.463496,0.420288,0.376099,0.331031,0.28519,0.238683,0.191619,0.144107,0.096259,0.0481857,0
