0,0,0,0,0,0,0,0,0,0,0,0,0,0,0,0,0,0,0,0,0,0,0,0,0,0,0,0,0,0,0,0,0,0,0,0,0,0,0,0,0,0,0,0,0,0,0,0,0,0,0,0,0,0,0,0,0,0,0,0,0,0,0,0,0,0,0,0,0,0,0,0,0,0,0,0,0,0,0,0,0,0,0,0,0,0,0,0,0,0,0,0,0,0,0,0,0,0,0,0,0,0,0,0,0,0,0,0,0,0,0,0,0,0,0,0,0,0,0,0,0,0,0,0,0,0,0,0,0,0,0
0,-0.00232957,-0.00465371,-0.00696697,-0.00926396,-0.0115393,-0.0137877,-0.0160039,-0.0181828,-0.0203191,-0.022408,-0.0244446,-0.0264241,-0.0283418,-0.0301934,-0.0319744,-0.0336808,-0.0353085,-0.0368538,-0.0383129,-0.0396826,-0.0409596,-0.042141,-0.0432239,-0.0442059,-0.0450846,-0.045858,-0.0465244,-0.047082,-0.0475297,-0.0478664,-0.0480913,-0.0482039,-0.0482039,-0.0480913,-0.0478664,-0.0475297,-0.047082,-0.0465244,-0.045858,-0.0450846,-0.0442059,-0.0432239,-0.042141,-0.0409596,-0.0396826,-0.0383129,-0.0368538,-0.0353085,-0.0336808,-0.0319744,-0.0301934,-0.0283418,-0.0264241,-0.0244446,-0.022408,-0.0203191,-0.0181828,-0.0160039,-0.0137877,-0.0115393,-0.00926396,-0.00696697,-0.00465371,-0.00232957,-3.25952e-18,0.00232957,0.00465371,0.00696697,0.00926396,0.0115393,0.0137877,0.0160039,0.0181828,0.0203191,0.022408,0.0244446,0.0264241,0.0283418,0.0301934,0.0319744,0.0336808,0.0353085,0.0368538,0.0383129,0.0396826,0.0409596,0.042141,0.0432239,0.0442059,0.0450846,0.045858,0.0465244,0.047082,0.0475297,0.0478664,0.0480913,0.0482039,0.0482039,0.0480913,0.0478664,0.0475297,0.047082,0.0465244,0.045858,0.0450846,0.0442059,0.0432239,0.042141,0.0409596,0.0396826,0.0383129,0.0368538,0.0353085,0.0336808,0.0319744,0.0301934,0.0283418,0.0264241,0.0244446,0.022408,0.0203191,0.0181828,0.0160039,0.0137877,0.0115393,0.00926396,0.00696697,0.00465371,0.00232957,0
0,-0.00465371,-0.00929655,-0.0139177,-0.0185063,-0.0230517,-0.0275432,-0.0319705,-0.036323,-0.0405908,-0.0447637,-0.0488321,-0.0527864,-0.0566175,-0.0603163,-0.0638742,-0.067283,-0.0705346,-0.0736215,-0.0765364,-0.0792726,-0.0818236,-0.0841835,-0.0863469,-0.0883085,-0.0900639,-0.091609,-0.0929401,-0.0940541,-0.0949485,-0.0956211,-0.0960703,-0.0962952,-0.0962952,-0.0960703,-0.0956211,-0.0949485,-0.0940541,-0.0929401,-0.091609,-0.0900639,-0.0883085,-0.0863469,-0.0841835,-0.0818236,-0.0792726,-0.0765364,-0.0736215,-0.0705346,-0.067283,-0.0638742,-0.0603163,-0.0566175,-0.0527864,-0.0488321,-0.0447637,-0.0405908,-0.036323,-0.0319705,-0.0275432,-0.0230517,-0.0185063,-0.0139177,-0.00929655,-0.00465371,-6.08534e-18,0.00465371,0.00929655,0.0139177,0.0185063,0.0230517,0.0275432,0.0319705,0.036323,0.0405908,0.0447637,0.0488321,0.0527864,0.0566175,0.0603163,0.0638742,0.067283,0.0705346,0.0736215,0.0765364,0.0792726,0.0818236,0.0841835,0.0863469,0.0883085,0.0900639,0.091609,0.0929401,0.0940541,0.0949485,0.0956211,0.0960703,0.0962952,0.0962952,0.0960703,0.0956211,0.0949485,0.0940541,0.0929401,0.091609,0.0900639,0.0883085,0.0863469,0.0841835,0.0818236,0.0792726,0.0765364,0.0736215,0.0705346,0.067283,0.0638742,0.0603163,0.0566175,0.0527864,0.0488321,0.0447637,0.0405908,0.036323,0.0319705,0.0275432,0.0230517,0.0185063,0.0139177,0.00929655,0.00465371,0
0,-0.00696697,-0.0139177,-0.0208359,-0.0277054,-0.0345102,-0.0412344,-0.0478624,-0.0543785,-0.0607676,-0.0670148,-0.0731055,-0.0790255,-0.0847608,-0.0902983,-0.0956248,-0.100728,-0.105596,-0.110217,-0.114581,-0.118677,-0.122496,-0.126029,-0.129268,-0.132205,-0.134833,-0.137146,-0.139139,-0.140806,-0.142145,-0.143152,-0.143825,-0.144162,-0.144162,-0.143825,-0.143152,-0.142145,-0.140806,-0.139139,-0.137146,-0.134833,-0.132205,-0.129268,-0.126029,-0.122496,-0.118677,-0.114581,-0.110217,-0.105596,-0.100728,-0.0956248,-0.0902983,-0.0847608,-0.0790255,-0.0731055,-0.0670148,-0.0607676,-0.0543785,-0.0478624,-0.0412344,-0.0345102,-0.0277054,-0.0208359,-0.0139177,-0.00696697,-8.91113e-18,0.00696697,0.0139177,0.0208359,0.0277054,0.0345102,0.0412344,0.0478624,0.0543785,0.0607676,0.0670148,0.0731055,0.0790255,0.0847608,0.0902983,0.0956248,0.100728,0.105596,0.110217,0.114581,0.118677,0.122496,0.126029,0.129268,0.132205,0.134833,0.137146,0.139139,0.140806,0.142145,0.143152,0.143825,0.144162,0.144162,0.143825,0.143152,0.142145,0.140806,0.139139,0.137146,0.134833,0.132205,0.129268,0.126029,0.122496,0.118677,0.114581,0.110217,0.105596,0.100728,0.0956248,0.0902983,0.0847608,0.0790255,0.0731055,0.0670148,0.0607676,0.0543785,0.0478624,0.0412344,0.0345102,0.0277054,0.0208359,0.0139177,0.00696697,0
0,-0.00926396,-0.0185063,-0.0277054,-0.0368398,-0.0458882,-0.0548293,-0.0636425,-0.0723069,-0.0808026,-0.0891095,-0.0972082,-0.10508,-0.112706,-0.120069,-0.127152,-0.133938,-0.140411,-0.146556,-0.152358,-0.157805,-0.162883,-0.167581,-0.171888,-0.175793,-0.179287,-0.182363,-0.185012,-0.18723,-0.18901,-0.190349,-0.191244,-0.191691,-0.191691,-0.191244,-0.190349,-0.18901,-0.18723,-0.185012,-0.182363,-0.179287,-0.175793,-0.171888,-0.167581,-0.162883,-0.157805,-0.152358,-0.146556,-0.140411,-0.133938,-0.127152,-0.120069,-0.112706,-0.10508,-0.0972082,-0.0891095,-0.0808026,-0.0723069,-0.0636425,-0.0548293,-0.0458882,-0.0368398,-0.0277054,-0.0185063,-0.00926396,-1.17369e-17,0.00926396,0.0185063,0.0277054,0.0368398,0.0458882,0.0548293,0.0636425,0.0723069,0.0808026,0.0891095,0.0972082,0.10508,0.112706,0.120069,0.127152,0.133938,0.140411,0.146556,0.152358,0.157805,0.162883,0.167581,0.171888,0.175793,0.179287,0.182363,0.185012,0.18723,0.18901,0.190349,0.191244,0.191691,0.191691,0.191244,0.190349,0.18901,0.18723,0.185012,0.182363,0.179287,0.175793,0.171888,0.167581,0.162883,0.157805,0.152358,0.146556,0.140411,0.133938,0.127152,0.120069,0.112706,0.10508,0.0972082,0.0891095,0.0808026,0.0723069,0.0636425,0.0548293,0.0458882,0.0368398,0.0277054,0.0185063,0.00926396,0
0,-0.0115393,-0.0230517,-0.0345102,-0.0458882,-0.0571589,-0.0682962,-0.0792739,-0.0900665,-0.100649,-0.110996,-0.121084,-0.130889,-0.140388,-0.14956,-0.158382,-0.166835,-0.174897,-0.182552,-0.189779,-0.196564,-0.20289,-0.208741,-0.214105,-0.21897,-0.223322,-0.227153,-0.230454,-0.233216,-0.235434,-0.237102,-0.238216,-0.238773,-0.238773,-0.238216,-0.237102,-0.235434,-0.233216,-0.230454,-0.227153,-0.223322,-0.21897,-0.214105,-0.208741,-0.20289,-0.196564,-0.189779,-0.182552,-0.174897,-0.166835,-0.158382,-0.14956,-0.140388,-0.130889,-0.121084,-0.110996,-0.100649,-0.0900665,-0.0792739,-0.0682962,-0.0571589,-0.0458882,-0.0345102,-0.0230517,-0.0115393,-1.3912e-17,0.0115393,0.0230517,0.0345102,0.0458882,0.0571589,0.0682962,0.0792739,0.0900665,0.100649,0.110996,0.121084,0.130889,0.140388,0.14956,0.158382,0.166835,0.174897,0.182552,0.189779,0.196564,0.20289,0.208741,0.214105,0.21897,0.223322,0.227153,0.230454,0.233216,0.235434,0.237102,0.238216,0.238773,0.238773,0.238216,0.237102,0.235434,0.233216,0.230454,0.227153,0.223322,0.21897,0.214105,0.208741,0.20289,0.196564,0.189779,0.182552,0.174897,0.166835,0.158382,0.14956,0.140388,0.130889,0.121084,0.110996,0.100649,0.0900665,0.0792739,0.0682962,0.0571589,0.0458882,0.0345102,0.0230517,0.0115393,0
0,-0.0137877,-0.0275432,-0.0412344,-0.0548293,-0.0682962,-0.0816035,-0.0947202,-0.107616,-0.12026,-0.132623,-0.144677,-0.156392,-0.167743,-0.178701,-0.189243,-0.199342,-0.208976,-0.218121,-0.226757,-0.234864,-0.242422,-0.249414,-0.255823,-0.261635,-0.266836,-0.271414,-0.275357,-0.278658,-0.281308,-0.2833,-0.284631,-0.285298,-0.285298,-0.284631,-0.2833,-0.281308,-0.278658,-0.275357,-0.271414,-0.266836,-0.261635,-0.255823,-0.249414,-0.242422,-0.234864,-0.226757,-0.218121,-0.208976,-0.199342,-0.189243,-0.178701,-0.167743,-0.156392,-0.144677,-0.132623,-0.12026,-0.107616,-0.0947202,-0.0816035,-0.0682962,-0.0548293,-0.0412344,-0.0275432,-0.0137877,-1.95565e-17,0.0137877,0.0275432,0.0412344,0.0548293,0.0682962,0.0816035,0.0947202,0.107616,0.12026,0.132623,0.144677,0.156392,0.167743,0.178701,0.189243,0.199342,0.208976,0.218121,0.226757,0.234864,0.242422,0.249414,0.255823,0.261635,0.266836,0.271414,0.275357,0.278658,0.281308,0.2833,0.284631,0.285298,0.285298,0.284631,0.2833,0.281308,0.278658,0.275357,0.271414,0.266836,0.261635,0.255823,0.249414,0.242422,0.234864,0.226757,0.218121,0.208976,0.199342,0.189243,0.178701,0.167743,0.156392,0.144677,0.132623,0.12026,0.107616,0.0947202,0.0816035,0.0682962,0.0548293,0.0412344,0.0275432,0.0137877,0
0,-0.0160039,-0.0319705,-0.0478624,-0.0636425,-0.0792739,-0.0947202,-0.109945,-0.124914,-0.13959,-0.153941,-0.167932,-0.181531,-0.194705,-0.207425,-0.219661,-0.231384,-0.242566,-0.253182,-0.263206,-0.272615,-0.281388,-0.289504,-0.296944,-0.30369,-0.309726,-0.31504,-0.319617,-0.323449,-0.326524,-0.328837,-0.330382,-0.331156,-0.331156,-0.330382,-0.328837,-0.326524,-0.323449,-0.319617,-0.31504,-0.309726,-0.30369,-0.296944,-0.289504,-0.281388,-0.272615,-0.263206,-0.253182,-0.242566,-0.231384,-0.219661,-0.207425,-0.194705,-0.181531,-0.167932,-0.153941,-0.13959,-0.124914,-0.109945,-0.0947202,-0.0792739,-0.0636425,-0.0478624,-0.0319705,-0.0160039,-2.25989e-17,0.0160039,0.0319705,0.0478624,0.0636425,0.0792739,0.0947202,0.109945,0.124914,0.13959,0.153941,0.167932,0.181531,0.194705,0.207425,0.219661,0.231384,0.242566,0.253182,0.263206,0.272615,0.281388,0.289504,0.296944,0.30369,0.309726,0.31504,0.319617,0.323449,0.326524,0.328837,0.330382,0.331156,0.331156,0.330382,0.328837,0.326524,0.323449,0.319617,0.31504,0.309726,0.30369,0.296944,0.289504,0.281388,0.272615,0.263206,0.253182,0.242566,0.231384,0.219661,0.207425,0.194705,0.181531,0.167932,0.153941,0.13959,0.124914,0.109945,0.0947202,0.0792739,0.0636425,0.0478624,0.0319705,0.0160039,0
0,-0.0181828,-0.036323,-0.0543785,-0.0723069,-0.0900665,-0.107616,-0.124914,-0.14192,-0.158594,-0.174899,-0.190794,-0.206245,-0.221213,-0.235665,-0.249566,-0.262885,-0.27559,-0.28765,-0.29904,-0.30973,-0.319698,-0.328918,-0.337371,-0.345035,-0.351894,-0.35793,-0.363131,-0.367484,-0.370978,-0.373606,-0.375362,-0.37624,-0.37624,-0.375362,-0.373606,-0.370978,-0.367484,-0.363131,-0.35793,-0.351894,-0.345035,-0.337371,-0.328918,-0.319698,-0.30973,-0.29904,-0.28765,-0.27559,-0.262885,-0.249566,-0.235665,-0.221213,-0.206245,-0.190794,-0.174899,-0.158594,-0.14192,-0.124914,-0.107616,-0.0900665,-0.0723069,-0.0543785,-0.036323,-0.0181828,-2.69422e-17,0.0181828,0.036323,0.0543785,0.0723069,0.0900665,0.107616,0.124914,0.14192,0.158594,0.174899,0.190794,0.206245,0.221213,0.235665,0.249566,0.262885,0.27559,0.28765,0.29904,0.30973,0.319698,0.328918,0.337371,0.345035,0.351894,0.35793,0.363131,0.367484,0.370978,0.373606,0.375362,0.37624,0.37624,0.375362,0.373606,0.370978,0.367484,0.363131,0.35793,0.351894,0.345035,0.337371,0.328918,0.319698,0.30973,0.29904,0.28765,0.27559,0.262885,0.249566,0.235665,0.221213,0.206245,0.190794,0.174899,0.158594,0.14192,0.124914,0.107616,0.0900665,0.0723069,0.0543785,0.036323,0.0181828,0
0,-0.0203191,-0.0405908,-0.0607676,-0.0808026,-0.100649,-0.12026,-0.13959,-0.158594,-0.177228,-0.195448,-0.213212,-0.230477,-0.247204,-0.263354,-0.278889,-0.293772,-0.30797,-0.321448,-0.334175,-0.346122,-0.35726,-0.367564,-0.377009,-0.385574,-0.393239,-0.399985,-0.405797,-0.410661,-0.414566,-0.417503,-0.419464,-0.420446,-0.420446,-0.419464,-0.417503,-0.414566,-0.410661,-0.405797,-0.399985,-0.393239,-0.385574,-0.377009,-0.367564,-0.35726,-0.346122,-0.334175,-0.321448,-0.30797,-0.293772,-0.278889,-0.263354,-0.247204,-0.230477,-0.213212,-0.195448,-0.177228,-0.158594,-0.13959,-0.12026,-0.100649,-0.0808026,-0.0607676,-0.0405908,-0.0203191,-2.95506e-17,0.0203191,0.0405908,0.0607676,0.0808026,0.100649,0.12026,0.13959,0.158594,0.177228,0.195448,0.213212,0.230477,0.247204,0.263354,0.278889,0.293772,0.30797,0.321448,0.334175,0.346122,0.35726,0.367564,0.377009,0.385574,0.393239,0.399985,0.405797,0.410661,0.414566,0.417503,0.419464,0.420446,0.420446,0.419464,0.417503,0.414566,0.410661,0.405797,0.399985,0.393239,0.385574,0.377009,0.367564,0.35726,0.346122,0.334175,0.321448,0.30797,0.293772,0.278889,0.263354,0.247204,0.230477,0.213212,0.195448,0.177228,0.158594,0.13959,0.12026,0.100649,0.0808026,0.0607676,0.0405908,0.0203191,0
0,-0.022408,-0.0447637,-0.0670148,-0.0891095,-0.110996,-0.132623,-0.153941,-0.174899,-0.195448,-0.215541,-0.235131,-0.254171,-0.272618,-0.290428,-0.30756,-0.323973,-0.33963,-0.354494,-0.36853,-0.381705,-0.393988,-0.405351,-0.415768,-0.425213,-0.433666,-0.441105,-0.447515,-0.452879,-0.457185,-0.460424,-0.462587,-0.46367,-0.46367,-0.462587,-0.460424,-0.457185,-0.452879,-0.447515,-0.441105,-0.433666,-0.425213,-0.415768,-0.405351,-0.393988,-0.381705,-0.36853,-0.354494,-0.33963,-0.323973,-0.30756,-0.290428,-0.272618,-0.254171,-0.235131,-0.215541,-0.195448,-0.174899,-0.153941,-0.132623,-0.110996,-0.0891095,-0.0670148,-0.0447637,-0.022408,-3.64957e-17,0.022408,0.0447637,0.0670148,0.0891095,0.110996,0.132623,0.153941,0.174899,0.195448,0.215541,0.235131,0.254171,0.272618,0.290428,0.30756,0.323973,0.33963,0.354494,0.36853,0.381705,0.393988,0.405351,0.415768,0.425213,0.433666,0.441105,0.447515,0.452879,0.457185,0.460424,0.462587,0.46367,0.46367,0.462587,0.460424,0.457185,0.452879,0.447515,0.441105,0.433666,0.425213,0.415768,0.405351,0.393988,0.381705,0.36853,0.354494,0.33963,0.323973,0.30756,0.290428,0.272618,0.254171,0.235131,0.215541,0.195448,0.174899,0.153941,0.132623,0.110996,0.0891095,0.0670148,0.0447637,0.022408,0
0,-0.0244446,-0.0488321,-0.0731055,-0.0972082,-0.121084,-0.144677,-0.167932,-0.190794,-0.213212,-0.235131,-0.256501,-0.277272,-0.297395,-0.316824,-0.335513,-0.353418,-0.370498,-0.386712,-0.402024,-0.416396,-0.429796,-0.442192,-0.453555,-0.463859,-0.47308,-0.481196,-0.488187,-0.494039,-0.498737,-0.50227,-0.50463,-0.505811,-0.505811,-0.50463,-0.50227,-0.498737,-0.494039,-0.488187,-0.481196,-0.47308,-0.463859,-0.453555,-0.442192,-0.429796,-0.416396,-0.402024,-0.386712,-0.370498,-0.353418,-0.335513,-0.316824,-0.297395,-0.277272,-0.256501,-0.235131,-0.213212,-0.190794,-0.167932,-0.144677,-0.121084,-0.0972082,-0.0731055,-0.0488321,-0.0244446,-3.73691e-17,0.0244446,0.0488321,0.0731055,0.0972082,0.121084,0.144677,0.167932,0.190794,0.213212,0.235131,0.256501,0.277272,0.297395,0.316824,0.335513,0.353418,0.370498,0.386712,0.402024,0.416396,0.429796,0.442192,0.453555,0.463859,0.47308,0.481196,0.488187,0.494039,0.498737,0.50227,0.50463,0.505811,0.505811,0.50463,0.50227,0.498737,0.494039,0.488187,0.481196,0.47308,0.463859,0.453555,0.442192,0.429796,0.416396,0.402024,0.386712,0.370498,0.353418,0.335513,0.316824,0.297395,0.277272,0.256501,0.235131,0.213212,0.190794,0.167932,0.144677,0.121084,0.0972082,0.0731055,0.0488321,0.0244446,0
0,-0.0264241,-0.0527864,-0.0790255,-0.10508,-0.130889,-0.156392,-0.181531,-0.206245,-0.230477,-0.254171,-0.277272,-0.299725,-0.321478,-0.34248,-0.362682,-0.382037,-0.4005,-0.418028,-0.434579,-0.450115,-0.4646,-0.478,-0.490283,-0.501422,-0.511389,-0.520162,-0.52772,-0.534045,-0.539124,-0.542943,-0.545494,-0.546771,-0.546771,-0.545494,-0.542943,-0.539124,-0.534045,-0.52772,-0.520162,-0.511389,-0.501422,-0.490283,-0.478,-0.4646,-0.450115,-0.434579,-0.418028,-0.4005,-0.382037,-0.362682,-0.34248,-0.321478,-0.299725,-0.277272,-0.254171,-0.230477,-0.206245,-0.181531,-0.156392,-0.130889,-0.10508,-0.0790255,-0.0527864,-0.0264241,-4.25791e-17,0.0264241,0.0527864,0.0790255,0.10508,0.130889,0.156392,0.181531,0.206245,0.230477,0.254171,0.277272,0.299725,0.321478,0.34248,0.362682,0.382037,0.4005,0.418028,0.434579,0.450115,0.4646,0.478,0.490283,0.501422,0.511389,0.520162,0.52772,0.534045,0.539124,0.542943,0.545494,0.546771,0.546771,0.545494,0.542943,0.539124,0.534045,0.52772,0.520162,0.511389,0.501422,0.490283,0.478,0.4646,0.450115,0.434579,0.418028,0.4005,0.382037,0.362682,0.34248,0.321478,0.299725,0.277272,0.254171,0.230477,0.206245,0.181531,0.156392,0.130889,0.10508,0.0790255,0.0527864,0.0264241,0
0,-0.0283418,-0.0566175,-0.0847608,-0.112706,-0.140388,-0.167743,-0.194705,-0.221213,-0.247204,-0.272618,-0.297395,-0.321478,-0.344809,-0.367336,-0.389004,-0.409764,-0.429567,-0.448366,-0.466119,-0.482783,-0.498319,-0.512691,-0.525866,-0.537813,-0.548504,-0.557913,-0.56602,-0.572804,-0.578251,-0.582348,-0.585084,-0.586453,-0.586453,-0.585084,-0.582348,-0.578251,-0.572804,-0.56602,-0.557913,-0.548504,-0.537813,-0.525866,-0.512691,-0.498319,-0.482783,-0.466119,-0.448366,-0.429567,-0.409764,-0.389004,-0.367336,-0.344809,-0.321478,-0.297395,-0.272618,-0.247204,-0.221213,-0.194705,-0.167743,-0.140388,-0.112706,-0.0847608,-0.0566175,-0.0283418,-3.99827e-17,0.0283418,0.0566175,0.0847608,0.112706,0.140388,0.167743,0.194705,0.221213,0.247204,0.272618,0.297395,0.321478,0.344809,0.367336,0.389004,0.409764,0.429567,0.448366,0.466119,0.482783,0.498319,0.512691,0.525866,0.537813,0.548504,0.557913,0.56602,0.572804,0.578251,0.582348,0.585084,0.586453,0.586453,0.585084,0.582348,0.578251,0.572804,0.56602,0.557913,0.548504,0.537813,0.525866,0.512691,0.498319,0.482783,0.466119,0.448366,0.429567,0.409764,0.389004,0.367336,0.344809,0.321478,0.297395,0.272618,0.247204,0.221213,0.194705,0.167743,0.140388,0.112706,0.0847608,0.0566175,0.0283418,0
0,-0.0301934,-0.0603163,-0.0902983,-0.120069,-0.14956,-0.178701,-0.207425,-0.235665,-0.263354,-0.290428,-0.316824,-0.34248,-0.367336,-0.391334,-0.414418,-0.436534,-0.45763,-0.477658,-0.49657,-0.514323,-0.530874,-0.546185,-0.560221,-0.572948,-0.584337,-0.594362,-0.602998,-0.610226,-0.616028,-0.620392,-0.623307,-0.624766,-0.624766,-0.623307,-0.620392,-0.616028,-0.610226,-0.602998,-0.594362,-0.584337,-0.572948,-0.560221,-0.546185,-0.530874,-0.514323,-0.49657,-0.477658,-0.45763,-0.436534,-0.414418,-0.391334,-0.367336,-0.34248,-0.316824,-0.290428,-0.263354,-0.235665,-0.207425,-0.178701,-0.14956,-0.120069,-0.0902983,-0.0603163,-0.0301934,-4.25903e-17,0.0301934,0.0603163,0.0902983,0.120069,0.14956,0.178701,0.207425,0.235665,0.263354,0.290428,0.316824,0.34248,0.367336,0.391334,0.414418,0.436534,0.45763,0.477658,0.49657,0.514323,0.530874,0.546185,0.560221,0.572948,0.584337,0.594362,0.602998,0.610226,0.616028,0.620392,0.623307,0.624766,0.624766,0.623307,0.620392,0.616028,0.610226,0.602998,0.594362,0.584337,0.572948,0.560221,0.546185,0.530874,0.514323,0.49657,0.477658,0.45763,0.436534,0.414418,0.391334,0.367336,0.34248,0.316824,0.290428,0.263354,0.235665,0.207425,0.178701,0.14956,0.120069,0.0902983,0.0603163,0.0301934,0
0,-0.0319744,-0.0638742,-0.0956248,-0.127152,-0.158382,-0.189243,-0.219661,-0.249566,-0.278889,-0.30756,-0.335513,-0.362682,-0.389004,-0.414418,-0.438863,-0.462284,-0.484625,-0.505834,-0.525862,-0.544662,-0.562189,-0.578404,-0.593267,-0.606745,-0.618806,-0.629422,-0.638568,-0.646222,-0.652367,-0.656988,-0.660075,-0.66162,-0.66162,-0.660075,-0.656988,-0.652367,-0.646222,-0.638568,-0.629422,-0.618806,-0.606745,-0.593267,-0.578404,-0.562189,-0.544662,-0.525862,-0.505834,-0.484625,-0.462284,-0.438863,-0.414418,-0.389004,-0.362682,-0.335513,-0.30756,-0.278889,-0.249566,-0.219661,-0.189243,-0.158382,-0.127152,-0.0956248,-0.0638742,-0.0319744,-3.6524e-17,0.0319744,0.0638742,0.0956248,0.127152,0.158382,0.189243,0.219661,0.249566,0.278889,0.30756,0.335513,0.362682,0.389004,0.414418,0.438863,0.462284,0.484625,0.505834,0.525862,0.544662,0.562189,0.578404,0.593267,0.606745,0.618806,0.629422,0.638568,0.646222,0.652367,0.656988,0.660075,0.66162,0.66162,0.660075,0.656988,0.652367,0.646222,0.638568,0.629422,0.618806,0.606745,0.593267,0.578404,0.562189,0.544662,0.525862,0.505834,0.484625,0.462284,0.438863,0.414418,0.389004,0.362682,0.335513,0.30756,0.278889,0.249566,0.219661,0.189243,0.158382,0.127152,0.0956248,0.0638742,0.0319744,0
0,-0.0336808,-0.067283,-0.100728,-0.133938,-0.166835,-0.199342,-0.231384,-0.262885,-0.293772,-0.323973,-0.353418,-0.382037,-0.409764,-0.436534,-0.462284,-0.486955,-0.510488,-0.532829,-0.553926,-0.573729,-0.592191,-0.609271,-0.624928,-0.639125,-0.65183,-0.663012,-0.672646,-0.680709,-0.687181,-0.692049,-0.695301,-0.696929,-0.696929,-0.695301,-0.692049,-0.687181,-0.680709,-0.672646,-0.663012,-0.65183,-0.639125,-0.624928,-0.609271,-0.592191,-0.573729,-0.553926,-0.532829,-0.510488,-0.486955,-0.462284,-0.436534,-0.409764,-0.382037,-0.353418,-0.323973,-0.293772,-0.262885,-0.231384,-0.199342,-0.166835,-0.133938,-0.100728,-0.067283,-0.0336808,-3.82638e-17,0.0336808,0.067283,0.100728,0.133938,0.166835,0.199342,0.231384,0.262885,0.293772,0.323973,0.353418,0.382037,0.409764,0.436534,0.462284,0.486955,0.510488,0.532829,0.553926,0.573729,0.592191,0.609271,0.624928,0.639125,0.65183,0.663012,0.672646,0.680709,0.687181,0.692049,0.695301,0.696929,0.696929,0.695301,0.692049,0.687181,0.680709,0.672646,0.663012,0.65183,0.639125,0.624928,0.609271,0.592191,0.573729,0.553926,0.532829,0.510488,0.486955,0.462284,0.436534,0.409764,0.382037,0.353418,0.323973,0.293772,0.262885,0.231384,0.199342,0.166835,0.133938,0.100728,0.067283,0.0336808,0
0,-0.0353085,-0.0705346,-0.105596,-0.140411,-0.174897,-0.208976,-0.242566,-0.27559,-0.30797,-0.33963,-0.370498,-0.4005,-0.429567,-0.45763,-0.484625,-0.510488,-0.535159,-0.558579,-0.580696,-0.601455,-0.620811,-0.638716,-0.655129,-0.670013,-0.683331,-0.695054,-0.705153,-0.713605,-0.720391,-0.725494,-0.728903,-0.730609,-0.730609,-0.728903,-0.725494,-0.720391,-0.713605,-0.705153,-0.695054,-0.683331,-0.670013,-0.655129,-0.638716,-0.620811,-0.601455,-0.580696,-0.558579,-0.535159,-0.510488,-0.484625,-0.45763,-0.429567,-0.4005,-0.370498,-0.33963,-0.30797,-0.27559,-0.242566,-0.208976,-0.174897,-0.140411,-0.105596,-0.0705346,-0.0353085,-3.13298e-17,0.0353085,0.0705346,0.105596,0.140411,0.174897,0.208976,0.242566,0.27559,0.30797,0.33963,0.370498,0.4005,0.429567,0.45763,0.484625,0.510488,0.535159,0.558579,0.580696,0.601455,0.620811,0.638716,0.655129,0.670013,0.683331,0.695054,0.705153,0.713605,0.720391,0.725494,0.728903,0.730609,0.730609,0.728903,0.725494,0.720391,0.713605,0.705153,0.695054,0.683331,0.670013,0.655129,0.638716,0.620811,0.601455,0.580696,0.558579,0.535159,0.510488,0.484625,0.45763,0.429567,0.4005,0.370498,0.33963,0.30797,0.27559,0.242566,0.208976,0.174897,0.140411,0.105596,0.0705346,0.0353085,0
0,-0.0368538,-0.0736215,-0.110217,-0.146556,-0.182552,-0.218121,-0.253182,-0.28765,-0.321448,-0.354494,-0.386712,-0.418028,-0.448366,-0.477658,-0.505834,-0.532829,-0.558579,-0.583025,-0.606109,-0.627778,-0.64798,-0.666669,-0.6838,-0.699335,-0.713237,-0.725472,-0.736013,-0.744836,-0.751918,-0.757245,-0.760803,-0.762584,-0.762584,-0.760803,-0.757245,-0.751918,-0.744836,-0.736013,-0.725472,-0.713237,-0.699335,-0.6838,-0.666669,-0.64798,-0.627778,-0.606109,-0.583025,-0.558579,-0.532829,-0.505834,-0.477658,-0.448366,-0.418028,-0.386712,-0.354494,-0.321448,-0.28765,-0.253182,-0.218121,-0.182552,-0.146556,-0.110217,-0.0736215,-0.0368538,-3.48038e-17,0.0368538,0.0736215,0.110217,0.146556,0.182552,0.218121,0.253182,0.28765,0.321448,0.354494,0.386712,0.418028,0.448366,0.477658,0.505834,0.532829,0.558579,0.583025,0.606109,0.627778,0.64798,0.666669,0.6838,0.699335,0.713237,0.725472,0.736013,0.744836,0.751918,0.757245,0.760803,0.762584,0.762584,0.760803,0.757245,0.751918,0.744836,0.736013,0.725472,0.713237,0.699335,0.6838,0.666669,0.64798,0.627778,0.606109,0.583025,0.558579,0.532829,0.505834,0.477658,0.448366,0.418028,0.386712,0.354494,0.321448,0.28765,0.253182,0.218121,0.182552,0.146556,0.110217,0.0736215,0.0368538,0
0,-0.0383129,-0.0765364,-0.114581,-0.152358,-0.189779,-0.226757,-0.263206,-0.29904,-0.334175,-0.36853,-0.402024,-0.434579,-0.466119,-0.49657,-0.525862,-0.553926,-0.580696,-0.606109,-0.630107,-0.652633,-0.673636,-0.693064,-0.710874,-0.727024,-0.741476,-0.754196,-0.765155,-0.774326,-0.78169,-0.787227,-0.790926,-0.792777,-0.792777,-0.790926,-0.787227,-0.78169,-0.774326,-0.765155,-0.754196,-0.741476,-0.727024,-0.710874,-0.693064,-0.673636,-0.652633,-0.630107,-0.606109,-0.580696,-0.553926,-0.525862,-0.49657,-0.466119,-0.434579,-0.402024,-0.36853,-0.334175,-0.29904,-0.263206,-0.226757,-0.189779,-0.152358,-0.114581,-0.0765364,-0.0383129,-2.78692e-17,0.0383129,0.0765364,0.114581,0.152358,0.189779,0.226757,0.263206,0.29904,0.334175,0.36853,0.402024,0.434579,0.466119,0.49657,0.525862,0.553926,0.580696,0.606109,0.630107,0.652633,0.673636,0.693064,0.710874,0.727024,0.741476,0.754196,0.765155,0.774326,0.78169,0.787227,0.790926,0.792777,0.792777,0.790926,0.787227,0.78169,0.774326,0.765155,0.754196,0.741476,0.727024,0.710874,0.693064,0.673636,0.652633,0.630107,0.606109,0.580696,0.553926,0.525862,0.49657,0.466119,0.434579,0.402024,0.36853,0.334175,0.29904,0.263206,0.226757,0.189779,0.152358,0.114581,0.0765364,0.0383129,0
0,-0.0396826,-0.0792726,-0.118677,-0.157805,-0.196564,-0.234864,-0.272615,-0.30973,-0.346122,-0.381705,-0.416396,-0.450115,-0.482783,-0.514323,-0.544662,-0.573729,-0.601455,-0.627778,-0.652633,-0.675965,-0.697718,-0.717841,-0.736288,-0.753015,-0.767984,-0.781159,-0.792509,-0.802009,-0.809635,-0.81537,-0.819201,-0.821119,-0.821119,-0.819201,-0.81537,-0.809635,-0.802009,-0.792509,-0.781159,-0.767984,-0.753015,-0.736288,-0.717841,-0.697718,-0.675965,-0.652633,-0.627778,-0.601455,-0.573729,-0.544662,-0.514323,-0.482783,-0.450115,-0.416396,-0.381705,-0.346122,-0.30973,-0.272615,-0.234864,-0.196564,-0.157805,-0.118677,-0.0792726,-0.0396826,-2.9608e-17,0.0396826,0.0792726,0.118677,0.157805,0.196564,0.234864,0.272615,0.30973,0.346122,0.381705,0.416396,0.450115,0.482783,0.514323,0.544662,0.573729,0.601455,0.627778,0.652633,0.675965,0.697718,0.717841,0.736288,0.753015,0.767984,0.781159,0.792509,0.802009,0.809635,0.81537,0.819201,0.821119,0.821119,0.819201,0.81537,0.809635,0.802009,0.792509,0.781159,0.767984,0.753015,0.736288,0.717841,0.697718,0.675965,0.652633,0.627778,0.601455,0.573729,0.544662,0.514323,0.482783,0.450115,0.416396,0.381705,0.346122,0.30973,0.272615,0.234864,0.196564,0.157805,0.118677,0.0792726,0.0396826,0
0,-0.0409596,-0.0818236,-0.122496,-0.162883,-0.20289,-0.242422,-0.281388,-0.319698,-0.35726,-0.393988,-0.429796,-0.4646,-0.498319,-0.530874,-0.562189,-0.592191,-0.620811,-0.64798,-0.673636,-0.697718,-0.720171,-0.740942,-0.759982,-0.777248,-0.792698,-0.806297,-0.818013,-0.827818,-0.835689,-0.841609,-0.845564,-0.847543,-0.847543,-0.845564,-0.841609,-0.835689,-0.827818,-0.818013,-0.806297,-0.792698,-0.777248,-0.759982,-0.740942,-0.720171,-0.697718,-0.673636,-0.64798,-0.620811,-0.592191,-0.562189,-0.530874,-0.498319,-0.4646,-0.429796,-0.393988,-0.35726,-0.319698,-0.281388,-0.242422,-0.20289,-0.162883,-0.122496,-0.0818236,-0.0409596,-2.78771e-17,0.0409596,0.0818236,0.122496,0.162883,0.20289,0.242422,0.281388,0.319698,0.35726,0.393988,0.429796,0.4646,0.498319,0.530874,0.562189,0.592191,0.620811,0.64798,0.673636,0.697718,0.720171,0.740942,0.759982,0.777248,0.792698,0.806297,0.818013,0.827818,0.835689,0.841609,0.845564,0.847543,0.847543,0.845564,0.841609,0.835689,0.827818,0.818013,0.806297,0.792698,0.777248,0.759982,0.740942,0.720171,0.697718,0.673636,0.64798,0.620811,0.592191,0.562189,0.530874,0.498319,0.4646,0.429796,0.393988,0.35726,0.319698,0.281388,0.242422,0.20289,0.162883,0.122496,0.0818236,0.0409596,0
0,-0.042141,-0.0841835,-0.126029,-0.167581,-0.208741,-0.249414,-0.289504,-0.328918,-0.367564,-0.405351,-0.442192,-0.478,-0.512691,-0.546185,-0.578404,-0.609271,-0.638716,-0.666669,-0.693064,-0.717841,-0.740942,-0.762312,-0.781902,-0.799665,-0.815561,-0.829552,-0.841605,-0.851693,-0.859792,-0.865883,-0.869951,-0.871988,-0.871988,-0.869951,-0.865883,-0.859792,-0.851693,-0.841605,-0.829552,-0.815561,-0.799665,-0.781902,-0.762312,-0.740942,-0.717841,-0.693064,-0.666669,-0.638716,-0.609271,-0.578404,-0.546185,-0.512691,-0.478,-0.442192,-0.405351,-0.367564,-0.328918,-0.289504,-0.249414,-0.208741,-0.167581,-0.126029,-0.0841835,-0.042141,-3.135e-17,0.042141,0.0841835,0.126029,0.167581,0.208741,0.249414,0.289504,0.328918,0.367564,0.405351,0.442192,0.478,0.512691,0.546185,0.578404,0.609271,0.638716,0.666669,0.693064,0.717841,0.740942,0.762312,0.781902,0.799665,0.815561,0.829552,0.841605,0.851693,0.859792,0.865883,0.869951,0.871988,0.871988,0.869951,0.865883,0.859792,0.851693,0.841605,0.829552,0.815561,0.799665,0.781902,0.762312,0.740942,0.717841,0.693064,0.666669,0.638716,0.609271,0.578404,0.546185,0.512691,0.478,0.442192,0.405351,0.367564,0.328918,0.289504,0.249414,0.208741,0.167581,0.126029,0.0841835,0.042141,0
0,-0.0432239,-0.0863469,-0.129268,-0.171888,-0.214105,-0.255823,-0.296944,-0.337371,-0.377009,-0.415768,-0.453555,-0.490283,-0.525866,-0.560221,-0.593267,-0.624928,-0.655129,-0.6838,-0.710874,-0.736288,-0.759982,-0.781902,-0.801995,-0.820215,-0.836519,-0.850869,-0.863233,-0.87358,-0.881887,-0.888134,-0.892307,-0.894396,-0.894396,-0.892307,-0.888134,-0.881887,-0.87358,-0.863233,-0.850869,-0.836519,-0.820215,-0.801995,-0.781902,-0.759982,-0.736288,-0.710874,-0.6838,-0.655129,-0.624928,-0.593267,-0.560221,-0.525866,-0.490283,-0.453555,-0.415768,-0.377009,-0.337371,-0.296944,-0.255823,-0.214105,-0.171888,-0.129268,-0.0863469,-0.0432239,-2.61491e-17,0.0432239,0.0863469,0.129268,0.171888,0.214105,0.255823,0.296944,0.337371,0.377009,0.415768,0.453555,0.490283,0.525866,0.560221,0.593267,0.624928,0.655129,0.6838,0.710874,0.736288,0.759982,0.781902,0.801995,0.820215,0.836519,0.850869,0.863233,0.87358,0.881887,0.888134,0.892307,0.894396,0.894396,0.892307,0.888134,0.881887,0.87358,0.863233,0.850869,0.836519,0.820215,0.801995,0.781902,0.759982,0.736288,0.710874,0.6838,0.655129,0.624928,0.593267,0.560221,0.525866,0.490283,0.453555,0.415768,0.377009,0.337371,0.296944,0.255823,0.214105,0.171888,0.129268,0.0863469,0.0432239,0
0,-0.0442059,-0.0883085,-0.132205,-0.175793,-0.21897,-0.261635,-0.30369,-0.345035,-0.385574,-0.425213,-0.463859,-0.501422,-0.537813,-0.572948,-0.606745,-0.639125,-0.670013,-0.699335,-0.727024,-0.753015,-0.777248,-0.799665,-0.820215,-0.838848,-0.855523,-0.8702,-0.882844,-0.893426,-0.901922,-0.908311,-0.912579,-0.914715,-0.914715,-0.912579,-0.908311,-0.901922,-0.893426,-0.882844,-0.8702,-0.855523,-0.838848,-0.820215,-0.799665,-0.777248,-0.753015,-0.727024,-0.699335,-0.670013,-0.639125,-0.606745,-0.572948,-0.537813,-0.501422,-0.463859,-0.425213,-0.385574,-0.345035,-0.30369,-0.261635,-0.21897,-0.175793,-0.132205,-0.0883085,-0.0442059,-2.6152e-17,0.0442059,0.0883085,0.132205,0.175793,0.21897,0.261635,0.30369,0.345035,0.385574,0.425213,0.463859,0.501422,0.537813,0.572948,0.606745,0.639125,0.670013,0.699335,0.727024,0.753015,0.777248,0.799665,0.820215,0.838848,0.855523,0.8702,0.882844,0.893426,0.901922,0.908311,0.912579,0.914715,0.914715,0.912579,0.908311,0.901922,0.893426,0.882844,0.8702,0.855523,0.838848,0.820215,0.799665,0.777248,0.753015,0.727024,0.699335,0.670013,0.639125,0.606745,0.572948,0.537813,0.501422,0.463859,0.425213,0.385574,0.345035,0.30369,0.261635,0.21897,0.175793,0.132205,0.0883085,0.0442059,0
0,-0.0450846,-0.0900639,-0.134833,-0.179287,-0.223322,-0.266836,-0.309726,-0.351894,-0.393239,-0.433666,-0.47308,-0.511389,-0.548504,-0.584337,-0.618806,-0.65183,-0.683331,-0.713237,-0.741476,-0.767984,-0.792698,-0.815561,-0.836519,-0.855523,-0.872529,-0.887498,-0.900393,-0.911186,-0.91985,-0.926366,-0.930719,-0.932898,-0.932898,-0.930719,-0.926366,-0.91985,-0.911186,-0.900393,-0.887498,-0.872529,-0.855523,-0.836519,-0.815561,-0.792698,-0.767984,-0.741476,-0.713237,-0.683331,-0.65183,-0.618806,-0.584337,-0.548504,-0.511389,-0.47308,-0.433666,-0.393239,-0.351894,-0.309726,-0.266836,-0.223322,-0.179287,-0.134833,-0.0900639,-0.0450846,-2.61546e-17,0.0450846,0.0900639,0.134833,0.179287,0.223322,0.266836,0.309726,0.351894,0.393239,0.433666,0.47308,0.511389,0.548504,0.584337,0.618806,0.65183,0.683331,0.713237,0.741476,0.767984,0.792698,0.815561,0.836519,0.855523,0.872529,0.887498,0.900393,0.911186,0.91985,0.926366,0.930719,0.932898,0.932898,0.930719,0.926366,0.91985,0.911186,0.900393,0.887498,0.872529,0.855523,0.836519,0.815561,0.792698,0.767984,0.741476,0.713237,0.683331,0.65183,0.618806,0.584337,0.548504,0.511389,0.47308,0.433666,0.393239,0.351894,0.309726,0.266836,0.223322,0.179287,0.134833,0.0900639,0.0450846,0
0,-0.045858,-0.091609,-0.137146,-0.182363,-0.227153,-0.271414,-0.31504,-0.35793,-0.399985,-0.441105,-0.481196,-0.520162,-0.557913,-0.594362,-0.629422,-0.663012,-0.695054,-0.725472,-0.754196,-0.781159,-0.806297,-0.829552,-0.850869,-0.8702,-0.887498,-0.902723,-0.915839,-0.926817,-0.93563,-0.942258,-0.946685,-0.948902,-0.948902,-0.946685,-0.942258,-0.93563,-0.926817,-0.915839,-0.902723,-0.887498,-0.8702,-0.850869,-0.829552,-0.806297,-0.781159,-0.754196,-0.725472,-0.695054,-0.663012,-0.629422,-0.594362,-0.557913,-0.520162,-0.481196,-0.441105,-0.399985,-0.35793,-0.31504,-0.271414,-0.227153,-0.182363,-0.137146,-0.091609,-0.045858,-2.96263e-17,0.045858,0.091609,0.137146,0.182363,0.227153,0.271414,0.31504,0.35793,0.399985,0.441105,0.481196,0.520162,0.557913,0.594362,0.629422,0.663012,0.695054,0.725472,0.754196,0.781159,0.806297,0.829552,0.850869,0.8702,0.887498,0.902723,0.915839,0.926817,0.93563,0.942258,0.946685,0.948902,0.948902,0.946685,0.942258,0.93563,0.926817,0.915839,0.902723,0.887498,0.8702,0.850869,0.829552,0.806297,0.781159,0.754196,0.725472,0.695054,0.663012,0.629422,0.594362,0.557913,0.520162,0.481196,0.441105,0.399985,0.35793,0.31504,0.271414,0.227153,0.182363,0.137146,0.091609,0.045858,0
0,-0.0465244,-0.0929401,-0.139139,-0.185012,-0.230454,-0.275357,-0.319617,-0.363131,-0.405797,-0.447515,-0.488187,-0.52772,-0.56602,-0.602998,-0.638568,-0.672646,-0.705153,-0.736013,-0.765155,-0.792509,-0.818013,-0.841605,-0.863233,-0.882844,-0.900393,-0.915839,-0.929147,-0.940284,-0.949225,-0.955949,-0.960441,-0.962689,-0.962689,-0.960441,-0.955949,-0.949225,-0.940284,-0.929147,-0.915839,-0.900393,-0.882844,-0.863233,-0.841605,-0.818013,-0.792509,-0.765155,-0.736013,-0.705153,-0.672646,-0.638568,-0.602998,-0.56602,-0.52772,-0.488187,-0.447515,-0.405797,-0.363131,-0.319617,-0.275357,-0.230454,-0.185012,-0.139139,-0.0929401,-0.0465244,-2.61589e-17,0.0465244,0.0929401,0.139139,0.185012,0.230454,0.275357,0.319617,0.363131,0.405797,0.447515,0.488187,0.52772,0.56602,0.602998,0.638568,0.672646,0.705153,0.736013,0.765155,0.792509,0.818013,0.841605,0.863233,0.882844,0.900393,0.915839,0.929147,0.940284,0.949225,0.955949,0.960441,0.962689,0.962689,0.960441,0.955949,0.949225,0.940284,0.929147,0.915839,0.900393,0.882844,0.863233,0.841605,0.818013,0.792509,0.765155,0.736013,0.705153,0.672646,0.638568,0.602998,0.56602,0.52772,0.488187,0.447515,0.405797,0.363131,0.319617,0.275357,0.230454,0.185012,0.139139,0.0929401,0.0465244,0
0,-0.047082,-0.0940541,-0.140806,-0.18723,-0.233216,-0.278658,-0.323449,-0.367484,-0.410661,-0.452879,-0.494039,-0.534045,-0.572804,-0.610226,-0.646222,-0.680709,-0.713605,-0.744836,-0.774326,-0.802009,-0.827818,-0.851693,-0.87358,-0.893426,-0.911186,-0.926817,-0.940284,-0.951555,-0.960603,-0.967408,-0.971953,-0.974229,-0.974229,-0.971953,-0.967408,-0.960603,-0.951555,-0.940284,-0.926817,-0.911186,-0.893426,-0.87358,-0.851693,-0.827818,-0.802009,-0.774326,-0.744836,-0.713605,-0.680709,-0.646222,-0.610226,-0.572804,-0.534045,-0.494039,-0.452879,-0.410661,-0.367484,-0.323449,-0.278658,-0.233216,-0.18723,-0.140806,-0.0940541,-0.047082,-2.78952e-17,0.047082,0.0940541,0.140806,0.18723,0.233216,0.278658,0.323449,0.367484,0.410661,0.452879,0.494039,0.534045,0.572804,0.610226,0.646222,0.680709,0.713605,0.744836,0.774326,0.802009,0.827818,0.851693,0.87358,0.893426,0.911186,0.926817,0.940284,0.951555,0.960603,0.967408,0.971953,0.974229,0.974229,0.971953,0.967408,0.960603,0.951555,0.940284,0.926817,0.911186,0.893426,0.87358,0.851693,0.827818,0.802009,0.774326,0.744836,0.713605,0.680709,0.646222,0.610226,0.572804,0.534045,0.494039,0.452879,0.410661,0.367484,0.323449,0.278658,0.233216,0.18723,0.140806,0.0940541,0.047082,0
0,-0.0475297,-0.0949485,-0.142145,-0.18901,-0.235434,-0.281308,-0.326524,-0.370978,-0.414566,-0.457185,-0.498737,-0.539124,-0.578251,-0.616028,-0.652367,-0.687181,-0.720391,-0.751918,-0.78169,-0.809635,-0.835689,-0.859792,-0.881887,-0.901922,-0.91985,-0.93563,-0.949225,-0.960603,-0.969737,-0.976607,-0.981196,-0.983493,-0.983493,-0.981196,-0.976607,-0.969737,-0.960603,-0.949225,-0.93563,-0.91985,-0.901922,-0.881887,-0.859792,-0.835689,-0.809635,-0.78169,-0.751918,-0.720391,-0.687181,-0.652367,-0.616028,-0.578251,-0.539124,-0.498737,-0.457185,-0.414566,-0.370978,-0.326524,-0.281308,-0.235434,-0.18901,-0.142145,-0.0949485,-0.0475297,-2.96313e-17,0.0475297,0.0949485,0.142145,0.18901,0.235434,0.281308,0.326524,0.370978,0.414566,0.457185,0.498737,0.539124,0.578251,0.616028,0.652367,0.687181,0.720391,0.751918,0.78169,0.809635,0.835689,0.859792,0.881887,0.901922,0.91985,0.93563,0.949225,0.960603,0.969737,0.976607,0.981196,0.983493,0.983493,0.981196,0.976607,0.969737,0.960603,0.949225,0.93563,0.91985,0.901922,0.881887,0.859792,0.835689,0.809635,0.78169,0.751918,0.720391,0.687181,0.652367,0.616028,0.578251,0.539124,0.498737,0.457185,0.414566,0.370978,0.326524,0.281308,0.235434,0.18901,0.142145,0.0949485,0.0475297,0
0,-0.0478664,-0.0956211,-0.143152,-0.190349,-0.237102,-0.2833,-0.328837,-0.373606,-0.417503,-0.460424,-0.50227,-0.542943,-0.582348,-0.620392,-0.656988,-0.692049,-0.725494,-0.757245,-0.787227,-0.81537,-0.841609,-0.865883,-0.888134,-0.908311,-0.926366,-0.942258,-0.955949,-0.967408,-0.976607,-0.983525,-0.988146,-0.99046,-0.99046,-0.988146,-0.983525,-0.976607,-0.967408,-0.955949,-0.942258,-0.926366,-0.908311,-0.888134,-0.865883,-0.841609,-0.81537,-0.787227,-0.757245,-0.725494,-0.692049,-0.656988,-0.620392,-0.582348,-0.542943,-0.50227,-0.460424,-0.417503,-0.373606,-0.328837,-0.2833,-0.237102,-0.190349,-0.143152,-0.0956211,-0.0478664,-2.61628e-17,0.0478664,0.0956211,0.143152,0.190349,0.237102,0.2833,0.328837,0.373606,0.417503,0.460424,0.50227,0.542943,0.582348,0.620392,0.656988,0.692049,0.725494,0.757245,0.787227,0.81537,0.841609,0.865883,0.888134,0.908311,0.926366,0.942258,0.955949,0.967408,0.976607,0.983525,0.988146,0.99046,0.99046,0.988146,0.983525,0.976607,0.967408,0.955949,0.942258,0.926366,0.908311,0.888134,0.865883,0.841609,0.81537,0.787227,0.757245,0.725494,0.692049,0.656988,0.620392,0.582348,0.542943,0.50227,0.460424,0.417503,0.373606,0.328837,0.2833,0.237102,0.190349,0.143152,0.0956211,0.0478664,0
0,-0.0480913,-0.0960703,-0.143825,-0.191244,-0.238216,-0.284631,-0.330382,-0.375362,-0.419464,-0.462587,-0.50463,-0.545494,-0.585084,-0.623307,-0.660075,-0.695301,-0.728903,-0.760803,-0.790926,-0.819201,-0.845564,-0.869951,-0.892307,-0.912579,-0.930719,-0.946685,-0.960441,-0.971953,-0.981196,-0.988146,-0.992789,-0.995113,-0.995113,-0.992789,-0.988146,-0.981196,-0.971953,-0.960441,-0.946685,-0.930719,-0.912579,-0.892307,-0.869951,-0.845564,-0.819201,-0.790926,-0.760803,-0.728903,-0.695301,-0.660075,-0.623307,-0.585084,-0.545494,-0.50463,-0.462587,-0.419464,-0.375362,-0.330382,-0.284631,-0.238216,-0.191244,-0.143825,-0.0960703,-0.0480913,-2.44288e-17,0.0480913,0.0960703,0.143825,0.191244,0.238216,0.284631,0.330382,0.375362,0.419464,0.462587,0.50463,0.545494,0.585084,0.623307,0.660075,0.695301,0.728903,0.760803,0.790926,0.819201,0.845564,0.869951,0.892307,0.912579,0.930719,0.946685,0.960441,0.971953,0.981196,0.988146,0.992789,0.995113,0.995113,0.992789,0.988146,0.981196,0.971953,0.960441,0.946685,0.930719,0.912579,0.892307,0.869951,0.845564,0.819201,0.790926,0.760803,0.728903,0.695301,0.660075,0.623307,0.585084,0.545494,0.50463,0.462587,0.419464,0.375362,0.330382,0.284631,0.238216,0.191244,0.143825,0.0960703,0.0480913,0
0,-0.0482039,-0.0962952,-0.144162,-0.191691,-0.238773,-0.285298,-0.331156,-0.37624,-0.420446,-0.46367,-0.505811,-0.546771,-0.586453,-0.624766,-0.66162,-0.696929,-0.730609,-0.762584,-0.792777,-0.821119,-0.847543,-0.871988,-0.894396,-0.914715,-0.932898,-0.948902,-0.962689,-0.974229,-0.983493,-0.99046,-0.995113,-0.997443,-0.997443,-0.995113,-0.99046,-0.983493,-0.974229,-0.962689,-0.948902,-0.932898,-0.914715,-0.894396,-0.871988,-0.847543,-0.821119,-0.792777,-0.762584,-0.730609,-0.696929,-0.66162,-0.624766,-0.586453,-0.546771,-0.505811,-0.46367,-0.420446,-0.37624,-0.331156,-0.285298,-0.238773,-0.191691,-0.144162,-0.0962952,-0.0482039,-2.96333e-17,0.0482039,0.0962952,0.144162,0.191691,0.238773,0.285298,0.331156,0.37624,0.420446,0.46367,0.505811,0.546771,0.586453,0.624766,0.66162,0.696929,0.730609,0.762584,0.792777,0.821119,0.847543,0.871988,0.894396,0.914715,0.932898,0.948902,0.962689,0.974229,0.983493,0.99046,0.995113,0.997443,0.997443,0.995113,0.99046,0.983493,0.974229,0.962689,0.948902,0.932898,0.914715,0.894396,0.871988,0.847543,0.821119,0.792777,0.762584,0.730609,0.696929,0.66162,0.624766,0.586453,0.546771,0.505811,0.46367,0.420446,0.37624,0.331156,0.285298,0.238773,0.191691,0.144162,0.0962952,0.0482039,0
