0,0,0,0,0,0,0,0,0,0,0,0,0,0,0,0,0,0,0,0,0,0,0,0,0,0,0,0,0,0,0,0,0,0,0,0,0,0,0,0,0,0,0,0,0,0,0,0,0,0,0,0,0,0,0,0,0,0,0,0,0,0,0,0,0,0,0,0,0,0,0,0,0,0,0,0,0,0,0,0,0,0,0,0,0,0,0,0,0,0,0,0,0,0,0,0,0,0,0,0,0,0,0,0,0,0,0,0,0,0,0,0,0,0,0,0,0,0,0,0,0,0,0,0,0,0,0,0,0,0,0
0,-0.000590086,-0.00117879,-0.00176475,-0.00234658,-0.00292293,-0.00349246,-0.00405383,-0.00460573,-0.00514687,-0.005676,-0.00619186,-0.00669327,-0.00717904,-0.00764805,-0.00809919,-0.00853142,-0.00894372,-0.00933513,-0.00970474,-0.0100517,-0.0103752,-0.0106744,-0.0109487,-0.0111974,-0.01142,-0.0116159,-0.0117847,-0.011926,-0.0120394,-0.0121247,-0.0121816,-0.0122101,-0.0122101,-0.0121816,-0.0121247,-0.0120394,-0.011926,-0.0117847,-0.0116159,-0.01142,-0.0111974,-0.0109487,-0.0106744,-0.0103752,-0.0100517,-0.00970474,-0.00933513,-0.00894372,-0.00853142,-0.00809919,-0.00764805,-0.00717904,-0.00669327,-0.00619186,-0.005676,-0.00514687,-0.00460573,-0.00405383,-0.00349246,-0.00292293,-0.00234658,-0.00176475,-0.00117879,-0.000590086,1.48387e-18,0.000590086,0.00117879,0.00176475,0.00234658,0.00292293,0.00349246,0.00405383,0.00460573,0.00514687,0.005676,0.00619186,0.00669327,0.00717904,0.00764805,0.00809919,0.00853142,0.00894372,0.00933513,0.00970474,0.0100517,0.0103752,0.0106744,0.0109487,0.0111974,0.01142,0.0116159,0.0117847,0.011926,0.0120394,0.0121247,0.0121816,0.0122101,0.0122101,0.0121816,0.0121247,0.0120394,0.011926,0.0117847,0.0116159,0.01142,0.0111974,0.0109487,0.0106744,0.0103752,0.0100517,0.00970474,0.00933513,0.00894372,0.00853142,0.00809919,0.00764805,0.00717904,0.00669327,0.00619186,0.005676,0.00514687,0.00460573,0.00405383,0.00349246,0.00292293,0.00234658,0.00176475,0.00117879,0.000590086,0
0,-0.00117879,-0.00235483,-0.00352537,-0.00468768,-0.00583904,-0.00697676,-0.00809819,-0.0092007,-0.0102817,-0.0113387,-0.0123693,-0.0133709,-0.0143413,-0.0152782,-0.0161795,-0.0170429,-0.0178665,-0.0186485,-0.0193868,-0.0200799,-0.0207261,-0.0213239,-0.0218718,-0.0223687,-0.0228134,-0.0232047,-0.0235419,-0.0238241,-0.0240506,-0.024221,-0.0243348,-0.0243918,-0.0243918,-0.0243348,-0.024221,-0.0240506,-0.0238241,-0.0235419,-0.0232047,-0.0228134,-0.0223687,-0.0218718,-0.0213239,-0.0207261,-0.0200799,-0.0193868,-0.0186485,-0.0178665,-0.0170429,-0.0161795,-0.0152782,-0.0143413,-0.0133709,-0.0123693,-0.0113387,-0.0102817,-0.0092007,-0.00809819,-0.00697676,-0.00583904,-0.00468768,-0.00352537,-0.00235483,-0.00117879,-2.83273e-18,0.00117879,0.00235483,0.00352537,0.00468768,0.00583904,0.00697676,0.00809819,0.0092007,0.0102817,0.0113387,0.0123693,0.0133709,0.0143413,0.0152782,0.0161795,0.0170429,0.0178665,0.0186485,0.0193868,0.0200799,0.0207261,0.0213239,0.0218718,0.0223687,0.0228134,0.0232047,0.0235419,0.0238241,0.0240506,0.024221,0.0243348,0.0243918,0.0243918,0.0243348,0.024221,0.0240506,0.0238241,0.0235419,0.0232047,0.0228134,0.0223687,0.0218718,0.0213239,0.0207261,0.0200799,0.0193868,0.0186485,0.0178665,0.0170429,0.0161795,0.0152782,0.0143413,0.0133709,0.0123693,0.0113387,0.0102817,0.0092007,0.00809819,0.00697676,0.00583904,0.00468768,0.00352537,0.00235483,0.00117879,0
0,-0.00176475,-0.00352537,-0.00527777,-0.00701783,-0.00874151,-0.0104448,-0.0121236,-0.0137742,-0.0153926,-0.016975,-0.0185178,-0.0200173,-0.0214701,-0.0228727,-0.0242219,-0.0255146,-0.0267477,-0.0279182,-0.0290236,-0.0300612,-0.0310286,-0.0319235,-0.0327439,-0.0334878,-0.0341534,-0.0347393,-0.0352441,-0.0356666,-0.0360057,-0.0362608,-0.0364312,-0.0365164,-0.0365164,-0.0364312,-0.0362608,-0.0360057,-0.0356666,-0.0352441,-0.0347393,-0.0341534,-0.0334878,-0.0327439,-0.0319235,-0.0310286,-0.0300612,-0.0290236,-0.0279182,-0.0267477,-0.0255146,-0.0242219,-0.0228727,-0.0214701,-0.0200173,-0.0185178,-0.016975,-0.0153926,-0.0137742,-0.0121236,-0.0104448,-0.00874151,-0.00701783,-0.00527777,-0.00352537,-0.00176475,4.42456e-18,0.00176475,0.00352537,0.00527777,0.00701783,0.00874151,0.0104448,0.0121236,0.0137742,0.0153926,0.016975,0.0185178,0.0200173,0.0214701,0.0228727,0.0242219,0.0255146,0.0267477,0.0279182,0.0290236,0.0300612,0.0310286,0.0319235,0.0327439,0.0334878,0.0341534,0.0347393,0.0352441,0.0356666,0.0360057,0.0362608,0.0364312,0.0365164,0.0365164,0.0364312,0.0362608,0.0360057,0.0356666,0.0352441,0.0347393,0.0341534,0.0334878,0.0327439,0.0319235,0.0310286,0.0300612,0.0290236,0.0279182,0.0267477,0.0255146,0.0242219,0.0228727,0.0214701,0.0200173,0.0185178,0.016975,0.0153926,0.0137742,0.0121236,0.0104448,0.00874151,0.00701783,0.00527777,0.00352537,0.00176475,0
0,-0.00234658,-0.00468768,-0.00701783,-0.00933159,-0.0116236,-0.0138884,-0.0161208,-0.0183155,-0.0204674,-0.0225716,-0.024623,-0.026617,-0.0285487,-0.0304138,-0.0322079,-0.0339267,-0.0355663,-0.0371228,-0.0385926,-0.0399723,-0.0412587,-0.0424486,-0.0435394,-0.0445286,-0.0454137,-0.0461928,-0.046864,-0.0474257,-0.0478767,-0.0482159,-0.0484424,-0.0485558,-0.0485558,-0.0484424,-0.0482159,-0.0478767,-0.0474257,-0.046864,-0.0461928,-0.0454137,-0.0445286,-0.0435394,-0.0424486,-0.0412587,-0.0399723,-0.0385926,-0.0371228,-0.0355663,-0.0339267,-0.0322079,-0.0304138,-0.0285487,-0.026617,-0.024623,-0.0225716,-0.0204674,-0.0183155,-0.0161208,-0.0138884,-0.0116236,-0.00933159,-0.00701783,-0.00468768,-0.00234658,-5.55691e-18,0.00234658,0.00468768,0.00701783,0.00933159,0.0116236,0.0138884,0.0161208,0.0183155,0.0204674,0.0225716,0.024623,0.026617,0.0285487,0.0304138,0.0322079,0.0339267,0.0355663,0.0371228,0.0385926,0.0399723,0.0412587,0.0424486,0.0435394,0.0445286,0.0454137,0.0461928,0.046864,0.0474257,0.0478767,0.0482159,0.0484424,0.0485558,0.0485558,0.0484424,0.0482159,0.0478767,0.0474257,0.046864,0.0461928,0.0454137,0.0445286,0.0435394,0.0424486,0.0412587,0.0399723,0.0385926,0.0371228,0.0355663,0.0339267,0.0322079,0.0304138,0.0285487,0.026617,0.024623,0.0225716,0.0204674,0.0183155,0.0161208,0.0138884,0.0116236,0.00933159,0.00701783,0.00468768,0.00234658,0
0,-0.00292293,-0.00583904,-0.00874151,-0.0116236,-0.0144785,-0.0172996,-0.0200802,-0.022814,-0.0254945,-0.0281155,-0.0306708,-0.0331545,-0.0355607,-0.0378839,-0.0401186,-0.0422596,-0.0443018,-0.0462407,-0.0480715,-0.0497901,-0.0513923,-0.0528746,-0.0542333,-0.0554654,-0.056568,-0.0575384,-0.0583744,-0.0590741,-0.0596359,-0.0600583,-0.0603405,-0.0604818,-0.0604818,-0.0603405,-0.0600583,-0.0596359,-0.0590741,-0.0583744,-0.0575384,-0.056568,-0.0554654,-0.0542333,-0.0528746,-0.0513923,-0.0497901,-0.0480715,-0.0462407,-0.0443018,-0.0422596,-0.0401186,-0.0378839,-0.0355607,-0.0331545,-0.0306708,-0.0281155,-0.0254945,-0.022814,-0.0200802,-0.0172996,-0.0144785,-0.0116236,-0.00874151,-0.00583904,-0.00292293,7.22992e-18,0.00292293,0.00583904,0.00874151,0.0116236,0.0144785,0.0172996,0.0200802,0.022814,0.0254945,0.0281155,0.0306708,0.0331545,0.0355607,0.0378839,0.0401186,0.0422596,0.0443018,0.0462407,0.0480715,0.0497901,0.0513923,0.0528746,0.0542333,0.0554654,0.056568,0.0575384,0.0583744,0.0590741,0.0596359,0.0600583,0.0603405,0.0604818,0.0604818,0.0603405,0.0600583,0.0596359,0.0590741,0.0583744,0.0575384,0.056568,0.0554654,0.0542333,0.0528746,0.0513923,0.0497901,0.0480715,0.0462407,0.0443018,0.0422596,0.0401186,0.0378839,0.0355607,0.0331545,0.0306708,0.0281155,0.0254945,0.022814,0.0200802,0.0172996,0.0144785,0.0116236,0.00874151,0.00583904,0.00292293,0
0,-0.00349246,-0.00697676,-0.0104448,-0.0138884,-0.0172996,-0.0206703,-0.0239928,-0.0272593,-0.0304621,-0.0335937,-0.0366469,-0.0396145,-0.0424896,-0.0452654,-0.0479355,-0.0504937,-0.0529339,-0.0552506,-0.0574381,-0.0594915,-0.061406,-0.0631771,-0.0648006,-0.0662727,-0.0675901,-0.0687496,-0.0697485,-0.0705846,-0.0712558,-0.0717605,-0.0720977,-0.0722665,-0.0722665,-0.0720977,-0.0717605,-0.0712558,-0.0705846,-0.0697485,-0.0687496,-0.0675901,-0.0662727,-0.0648006,-0.0631771,-0.061406,-0.0594915,-0.0574381,-0.0552506,-0.0529339,-0.0504937,-0.0479355,-0.0452654,-0.0424896,-0.0396145,-0.0366469,-0.0335937,-0.0304621,-0.0272593,-0.0239928,-0.0206703,-0.0172996,-0.0138884,-0.0104448,-0.00697676,-0.00349246,-8.82294e-18,0.00349246,0.00697676,0.0104448,0.0138884,0.0172996,0.0206703,0.0239928,0.0272593,0.0304621,0.0335937,0.0366469,0.0396145,0.0424896,0.0452654,0.0479355,0.0504937,0.0529339,0.0552506,0.0574381,0.0594915,0.061406,0.0631771,0.0648006,0.0662727,0.0675901,0.0687496,0.0697485,0.0705846,0.0712558,0.0717605,0.0720977,0.0722665,0.0722665,0.0720977,0.0717605,0.0712558,0.0705846,0.0697485,0.0687496,0.0675901,0.0662727,0.0648006,0.0631771,0.061406,0.0594915,0.0574381,0.0552506,0.0529339,0.0504937,0.0479355,0.0452654,0.0424896,0.0396145,0.0366469,0.0335937,0.0304621,0.0272593,0.0239928,0.0206703,0.0172996,0.0138884,0.0104448,0.00697676,0.00349246,0
0,-0.00405383,-0.00809819,-0.0121236,-0.0161208,-0.0200802,-0.0239928,-0.0278494,-0.0316409,-0.0353585,-0.0389935,-0.0425374,-0.045982,-0.0493193,-0.0525413,-0.0556406,-0.0586099,-0.0614424,-0.0641314,-0.0666706,-0.069054,-0.0712762,-0.073332,-0.0752164,-0.0769252,-0.0784543,-0.0798002,-0.0809597,-0.0819302,-0.0827092,-0.0832951,-0.0836865,-0.0838824,-0.0838824,-0.0836865,-0.0832951,-0.0827092,-0.0819302,-0.0809597,-0.0798002,-0.0784543,-0.0769252,-0.0752164,-0.073332,-0.0712762,-0.069054,-0.0666706,-0.0641314,-0.0614424,-0.0586099,-0.0556406,-0.0525413,-0.0493193,-0.045982,-0.0425374,-0.0389935,-0.0353585,-0.0316409,-0.0278494,-0.0239928,-0.0200802,-0.0161208,-0.0121236,-0.00809819,-0.00405383,1.03609e-17,0.00405383,0.00809819,0.0121236,0.0161208,0.0200802,0.0239928,0.0278494,0.0316409,0.0353585,0.0389935,0.0425374,0.045982,0.0493193,0.0525413,0.0556406,0.0586099,0.0614424,0.0641314,0.0666706,0.069054,0.0712762,0.073332,0.0752164,0.0769252,0.0784543,0.0798002,0.0809597,0.0819302,0.0827092,0.0832951,0.0836865,0.0838824,0.0838824,0.0836865,0.0832951,0.0827092,0.0819302,0.0809597,0.0798002,0.0784543,0.0769252,0.0752164,0.073332,0.0712762,0.069054,0.0666706,0.0641314,0.0614424,0.0586099,0.0556406,0.0525413,0.0493193,0.045982,0.0425374,0.0389935,0.0353585,0.0316409,0.0278494,0.0239928,0.0200802,0.0161208,0.0121236,0.00809819,0.00405383,0
0,-0.00460573,-0.0092007,-0.0137742,-0.0183155,-0.022814,-0.0272593,-0.0316409,-0.0359486,-0.0401723,-0.0443022,-0.0483286,-0.0522422,-0.0560337,-0.0596944,-0.0632157,-0.0665893,-0.0698074,-0.0728624,-0.0757473,-0.0784553,-0.08098,-0.0833156,-0.0854566,-0.0873981,-0.0891354,-0.0906645,-0.0919819,-0.0930844,-0.0939695,-0.0946352,-0.0950799,-0.0953024,-0.0953024,-0.0950799,-0.0946352,-0.0939695,-0.0930844,-0.0919819,-0.0906645,-0.0891354,-0.0873981,-0.0854566,-0.0833156,-0.08098,-0.0784553,-0.0757473,-0.0728624,-0.0698074,-0.0665893,-0.0632157,-0.0596944,-0.0560337,-0.0522422,-0.0483286,-0.0443022,-0.0401723,-0.0359486,-0.0316409,-0.0272593,-0.022814,-0.0183155,-0.0137742,-0.0092007,-0.00460573,-1.24138e-17,0.00460573,0.0092007,0.0137742,0.0183155,0.022814,0.0272593,0.0316409,0.0359486,0.0401723,0.0443022,0.0483286,0.0522422,0.0560337,0.0596944,0.0632157,0.0665893,0.0698074,0.0728624,0.0757473,0.0784553,0.08098,0.0833156,0.0854566,0.0873981,0.0891354,0.0906645,0.0919819,0.0930844,0.0939695,0.0946352,0.0950799,0.0953024,0.0953024,0.0950799,0.0946352,0.0939695,0.0930844,0.0919819,0.0906645,0.0891354,0.0873981,0.0854566,0.0833156,0.08098,0.0784553,0.0757473,0.0728624,0.0698074,0.0665893,0.0632157,0.0596944,0.0560337,0.0522422,0.0483286,0.0443022,0.0401723,0.0359486,0.0316409,0.0272593,0.022814,0.0183155,0.0137742,0.0092007,0.00460573,0
0,-0.00514687,-0.0102817,-0.0153926,-0.0204674,-0.0254945,-0.0304621,-0.0353585,-0.0401723,-0.0448923,-0.0495074,-0.0540069,-0.0583803,-0.0626173,-0.0667081,-0.0706431,-0.0744131,-0.0780093,-0.0814233,-0.0846471,-0.0876733,-0.0904947,-0.0931047,-0.0954972,-0.0976668,-0.0996082,-0.101317,-0.102789,-0.104021,-0.10501,-0.105754,-0.106251,-0.1065,-0.1065,-0.106251,-0.105754,-0.10501,-0.104021,-0.102789,-0.101317,-0.0996082,-0.0976668,-0.0954972,-0.0931047,-0.0904947,-0.0876733,-0.0846471,-0.0814233,-0.0780093,-0.0744131,-0.0706431,-0.0667081,-0.0626173,-0.0583803,-0.0540069,-0.0495074,-0.0448923,-0.0401723,-0.0353585,-0.0304621,-0.0254945,-0.0204674,-0.0153926,-0.0102817,-0.00514687,1.38175e-17,0.00514687,0.0102817,0.0153926,0.0204674,0.0254945,0.0304621,0.0353585,0.0401723,0.0448923,0.0495074,0.0540069,0.0583803,0.0626173,0.0667081,0.0706431,0.0744131,0.0780093,0.0814233,0.0846471,0.0876733,0.0904947,0.0931047,0.0954972,0.0976668,0.0996082,0.101317,0.102789,0.104021,0.10501,0.105754,0.106251,0.1065,0.1065,0.106251,0.105754,0.10501,0.104021,0.102789,0.101317,0.0996082,0.0976668,0.0954972,0.0931047,0.0904947,0.0876733,0.0846471,0.0814233,0.0780093,0.0744131,0.0706431,0.0667081,0.0626173,0.0583803,0.0540069,0.0495074,0.0448923,0.0401723,0.0353585,0.0304621,0.0254945,0.0204674,0.0153926,0.0102817,0.00514687,0
0,-0.005676,-0.0113387,-0.016975,-0.0225716,-0.0281155,-0.0335937,-0.0389935,-0.0443022,-0.0495074,-0.054597,-0.0595591,-0.0643821,-0.0690547,-0.073566,-0.0779056,-0.0820631,-0.086029,-0.089794,-0.0933493,-0.0966865,-0.0997979,-0.102676,-0.105315,-0.107707,-0.109848,-0.111733,-0.113356,-0.114715,-0.115806,-0.116626,-0.117174,-0.117449,-0.117449,-0.117174,-0.116626,-0.115806,-0.114715,-0.113356,-0.111733,-0.109848,-0.107707,-0.105315,-0.102676,-0.0997979,-0.0966865,-0.0933493,-0.089794,-0.086029,-0.0820631,-0.0779056,-0.073566,-0.0690547,-0.0643821,-0.0595591,-0.054597,-0.0495074,-0.0443022,-0.0389935,-0.0335937,-0.0281155,-0.0225716,-0.016975,-0.0113387,-0.005676,-1.58958e-17,0.005676,0.0113387,0.016975,0.0225716,0.0281155,0.0335937,0.0389935,0.0443022,0.0495074,0.054597,0.0595591,0.0643821,0.0690547,0.073566,0.0779056,0.0820631,0.086029,0.089794,0.0933493,0.0966865,0.0997979,0.102676,0.105315,0.107707,0.109848,0.111733,0.113356,0.114715,0.115806,0.116626,0.117174,0.117449,0.117449,0.117174,0.116626,0.115806,0.114715,0.113356,0.111733,0.109848,0.107707,0.105315,0.102676,0.0997979,0.0966865,0.0933493,0.089794,0.086029,0.0820631,0.0779056,0.073566,0.0690547,0.0643821,0.0595591,0.054597,0.0495074,0.0443022,0.0389935,0.0335937,0.0281155,0.0225716,0.016975,0.0113387,0.005676,0
0,-0.00619186,-0.0123693,-0.0185178,-0.024623,-0.0306708,-0.0366469,-0.0425374,-0.0483286,-0.0540069,-0.0595591,-0.0649722,-0.0702335,-0.0753308,-0.0802521,-0.0849861,-0.0895215,-0.0938478,-0.097955,-0.101833,-0.105474,-0.108868,-0.112008,-0.114886,-0.117496,-0.119832,-0.121888,-0.123659,-0.125141,-0.126331,-0.127226,-0.127824,-0.128123,-0.128123,-0.127824,-0.127226,-0.126331,-0.125141,-0.123659,-0.121888,-0.119832,-0.117496,-0.114886,-0.112008,-0.108868,-0.105474,-0.101833,-0.097955,-0.0938478,-0.0895215,-0.0849861,-0.0802521,-0.0753308,-0.0702335,-0.0649722,-0.0595591,-0.0540069,-0.0483286,-0.0425374,-0.0366469,-0.0306708,-0.024623,-0.0185178,-0.0123693,-0.00619186,1.77084e-17,0.00619186,0.0123693,0.0185178,0.024623,0.0306708,0.0366469,0.0425374,0.0483286,0.0540069,0.0595591,0.0649722,0.0702335,0.0753308,0.0802521,0.0849861,0.0895215,0.0938478,0.097955,0.101833,0.105474,0.108868,0.112008,0.114886,0.117496,0.119832,0.121888,0.123659,0.125141,0.126331,0.127226,0.127824,0.128123,0.128123,0.127824,0.127226,0.126331,0.125141,0.123659,0.121888,0.119832,0.117496,0.114886,0.112008,0.108868,0.105474,0.101833,0.097955,0.0938478,0.0895215,0.0849861,0.0802521,0.0753308,0.0702335,0.0649722,0.0595591,0.0540069,0.0483286,0.0425374,0.0366469,0.0306708,0.024623,0.0185178,0.0123693,0.00619186,0
0,-0.00669327,-0.0133709,-0.0200173,-0.026617,-0.0331545,-0.0396145,-0.045982,-0.0522422,-0.0583803,-0.0643821,-0.0702335,-0.0759209,-0.0814309,-0.0867508,-0.0918681,-0.0967708,-0.101447,-0.105887,-0.11008,-0.114015,-0.117684,-0.121078,-0.12419,-0.127011,-0.129536,-0.131758,-0.133672,-0.135275,-0.136561,-0.137528,-0.138175,-0.138498,-0.138498,-0.138175,-0.137528,-0.136561,-0.135275,-0.133672,-0.131758,-0.129536,-0.127011,-0.12419,-0.121078,-0.117684,-0.114015,-0.11008,-0.105887,-0.101447,-0.0967708,-0.0918681,-0.0867508,-0.0814309,-0.0759209,-0.0702335,-0.0643821,-0.0583803,-0.0522422,-0.045982,-0.0396145,-0.0331545,-0.026617,-0.0200173,-0.0133709,-0.00669327,-1.87267e-17,0.00669327,0.0133709,0.0200173,0.026617,0.0331545,0.0396145,0.045982,0.0522422,0.0583803,0.0643821,0.0702335,0.0759209,0.0814309,0.0867508,0.0918681,0.0967708,0.101447,0.105887,0.11008,0.114015,0.117684,0.121078,0.12419,0.127011,0.129536,0.131758,0.133672,0.135275,0.136561,0.137528,0.138175,0.138498,0.138498,0.138175,0.137528,0.136561,0.135275,0.133672,0.131758,0.129536,0.127011,0.12419,0.121078,0.117684,0.114015,0.11008,0.105887,0.101447,0.0967708,0.0918681,0.0867508,0.0814309,0.0759209,0.0702335,0.0643821,0.0583803,0.0522422,0.045982,0.0396145,0.0331545,0.026617,0.0200173,0.0133709,0.00669327,0
0,-0.00717904,-0.0143413,-0.0214701,-0.0285487,-0.0355607,-0.0424896,-0.0493193,-0.0560337,-0.0626173,-0.0690547,-0.0753308,-0.0814309,-0.0873409,-0.0930469,-0.0985355,-0.103794,-0.10881,-0.113572,-0.118069,-0.12229,-0.126225,-0.129866,-0.133203,-0.136229,-0.138937,-0.141321,-0.143374,-0.145093,-0.146472,-0.14751,-0.148203,-0.14855,-0.14855,-0.148203,-0.14751,-0.146472,-0.145093,-0.143374,-0.141321,-0.138937,-0.136229,-0.133203,-0.129866,-0.126225,-0.12229,-0.118069,-0.113572,-0.10881,-0.103794,-0.0985355,-0.0930469,-0.0873409,-0.0814309,-0.0753308,-0.0690547,-0.0626173,-0.0560337,-0.0493193,-0.0424896,-0.0355607,-0.0285487,-0.0214701,-0.0143413,-0.00717904,2.16e-17,0.00717904,0.0143413,0.0214701,0.0285487,0.0355607,0.0424896,0.0493193,0.0560337,0.0626173,0.0690547,0.0753308,0.0814309,0.0873409,0.0930469,0.0985355,0.103794,0.10881,0.113572,0.118069,0.12229,0.126225,0.129866,0.133203,0.136229,0.138937,0.141321,0.143374,0.145093,0.146472,0.14751,0.148203,0.14855,0.14855,0.148203,0.14751,0.146472,0.145093,0.143374,0.141321,0.138937,0.136229,0.133203,0.129866,0.126225,0.12229,0.118069,0.113572,0.10881,0.103794,0.0985355,0.0930469,0.0873409,0.0814309,0.0753308,0.0690547,0.0626173,0.0560337,0.0493193,0.0424896,0.0355607,0.0285487,0.0214701,0.0143413,0.00717904,0
0,-0.00764805,-0.0152782,-0.0228727,-0.0304138,-0.0378839,-0.0452654,-0.0525413,-0.0596944,-0.0667081,-0.073566,-0.0802521,-0.0867508,-0.0930469,-0.0991256,-0.104973,-0.110575,-0.115919,-0.120992,-0.125782,-0.130279,-0.134471,-0.13835,-0.141905,-0.145129,-0.148014,-0.150553,-0.152741,-0.154571,-0.156041,-0.157147,-0.157885,-0.158255,-0.158255,-0.157885,-0.157147,-0.156041,-0.154571,-0.152741,-0.150553,-0.148014,-0.145129,-0.141905,-0.13835,-0.134471,-0.130279,-0.125782,-0.120992,-0.115919,-0.110575,-0.104973,-0.0991256,-0.0930469,-0.0867508,-0.0802521,-0.073566,-0.0667081,-0.0596944,-0.0525413,-0.0452654,-0.0378839,-0.0304138,-0.0228727,-0.0152782,-0.00764805,-2.11231e-17,0.00764805,0.0152782,0.0228727,0.0304138,0.0378839,0.0452654,0.0525413,0.0596944,0.0667081,0.073566,0.0802521,0.0867508,0.0930469,0.0991256,0.104973,0.110575,0.115919,0.120992,0.125782,0.130279,0.134471,0.13835,0.141905,0.145129,0.148014,0.150553,0.152741,0.154571,0.156041,0.157147,0.157885,0.158255,0.158255,0.157885,0.157147,0.156041,0.154571,0.152741,0.150553,0.148014,0.145129,0.141905,0.13835,0.134471,0.130279,0.125782,0.120992,0.115919,0.110575,0.104973,0.0991256,0.0930469,0.0867508,0.0802521,0.073566,0.0667081,0.0596944,0.0525413,0.0452654,0.0378839,0.0304138,0.0228727,0.0152782,0.00764805,0
0,-0.00809919,-0.0161795,-0.0242219,-0.0322079,-0.0401186,-0.0479355,-0.0556406,-0.0632157,-0.0706431,-0.0779056,-0.0849861,-0.0918681,-0.0985355,-0.104973,-0.111165,-0.117097,-0.122757,-0.128129,-0.133202,-0.137964,-0.142404,-0.146511,-0.150276,-0.15369,-0.156745,-0.159434,-0.16175,-0.163689,-0.165246,-0.166416,-0.167198,-0.16759,-0.16759,-0.167198,-0.166416,-0.165246,-0.163689,-0.16175,-0.159434,-0.156745,-0.15369,-0.150276,-0.146511,-0.142404,-0.137964,-0.133202,-0.128129,-0.122757,-0.117097,-0.111165,-0.104973,-0.0985355,-0.0918681,-0.0849861,-0.0779056,-0.0706431,-0.0632157,-0.0556406,-0.0479355,-0.0401186,-0.0322079,-0.0242219,-0.0161795,-0.00809919,2.5926e-17,0.00809919,0.0161795,0.0242219,0.0322079,0.0401186,0.0479355,0.0556406,0.0632157,0.0706431,0.0779056,0.0849861,0.0918681,0.0985355,0.104973,0.111165,0.117097,0.122757,0.128129,0.133202,0.137964,0.142404,0.146511,0.150276,0.15369,0.156745,0.159434,0.16175,0.163689,0.165246,0.166416,0.167198,0.16759,0.16759,0.167198,0.166416,0.165246,0.163689,0.16175,0.159434,0.156745,0.15369,0.150276,0.146511,0.142404,0.137964,0.133202,0.128129,0.122757,0.117097,0.111165,0.104973,0.0985355,0.0918681,0.0849861,0.0779056,0.0706431,0.0632157,0.0556406,0.0479355,0.0401186,0.0322079,0.0242219,0.0161795,0.00809919,0
0,-0.00853142,-0.0170429,-0.0255146,-0.0339267,-0.0422596,-0.0504937,-0.0586099,-0.0665893,-0.0744131,-0.0820631,-0.0895215,-0.0967708,-0.103794,-0.110575,-0.117097,-0.123347,-0.129308,-0.134967,-0.14031,-0.145327,-0.150003,-0.15433,-0.158296,-0.161892,-0.16511,-0.167942,-0.170383,-0.172425,-0.174064,-0.175297,-0.176121,-0.176533,-0.176533,-0.176121,-0.175297,-0.174064,-0.172425,-0.170383,-0.167942,-0.16511,-0.161892,-0.158296,-0.15433,-0.150003,-0.145327,-0.14031,-0.134967,-0.129308,-0.123347,-0.117097,-0.110575,-0.103794,-0.0967708,-0.0895215,-0.0820631,-0.0744131,-0.0665893,-0.0586099,-0.0504937,-0.0422596,-0.0339267,-0.0255146,-0.0170429,-0.00853142,-2.39524e-17,0.00853142,0.0170429,0.0255146,0.0339267,0.0422596,0.0504937,0.0586099,0.0665893,0.0744131,0.0820631,0.0895215,0.0967708,0.103794,0.110575,0.117097,0.123347,0.129308,0.134967,0.14031,0.145327,0.150003,0.15433,0.158296,0.161892,0.16511,0.167942,0.170383,0.172425,0.174064,0.175297,0.176121,0.176533,0.176533,0.176121,0.175297,0.174064,0.172425,0.170383,0.167942,0.16511,0.161892,0.158296,0.15433,0.150003,0.145327,0.14031,0.134967,0.129308,0.123347,0.117097,0.110575,0.103794,0.0967708,0.0895215,0.0820631,0.0744131,0.0665893,0.0586099,0.0504937,0.0422596,0.0339267,0.0255146,0.0170429,0.00853142,0
0,-0.00894372,-0.0178665,-0.0267477,-0.0355663,-0.0443018,-0.0529339,-0.0614424,-0.0698074,-0.0780093,-0.086029,-0.0938478,-0.101447,-0.10881,-0.115919,-0.122757,-0.129308,-0.135557,-0.141489,-0.147091,-0.15235,-0.157253,-0.161788,-0.165946,-0.169716,-0.173089,-0.176059,-0.178617,-0.180758,-0.182477,-0.183769,-0.184633,-0.185065,-0.185065,-0.184633,-0.183769,-0.182477,-0.180758,-0.178617,-0.176059,-0.173089,-0.169716,-0.165946,-0.161788,-0.157253,-0.15235,-0.147091,-0.141489,-0.135557,-0.129308,-0.122757,-0.115919,-0.10881,-0.101447,-0.0938478,-0.086029,-0.0780093,-0.0698074,-0.0614424,-0.0529339,-0.0443018,-0.0355663,-0.0267477,-0.0178665,-0.00894372,2.93856e-17,0.00894372,0.0178665,0.0267477,0.0355663,0.0443018,0.0529339,0.0614424,0.0698074,0.0780093,0.086029,0.0938478,0.101447,0.10881,0.115919,0.122757,0.129308,0.135557,0.141489,0.147091,0.15235,0.157253,0.161788,0.165946,0.169716,0.173089,0.176059,0.178617,0.180758,0.182477,0.183769,0.184633,0.185065,0.185065,0.184633,0.183769,0.182477,0.180758,0.178617,0.176059,0.173089,0.169716,0.165946,0.161788,0.157253,0.15235,0.147091,0.141489,0.135557,0.129308,0.122757,0.115919,0.10881,0.101447,0.0938478,0.086029,0.0780093,0.0698074,0.0614424,0.0529339,0.0443018,0.0355663,0.0267477,0.0178665,0.00894372,0
0,-0.00933513,-0.0186485,-0.0279182,-0.0371228,-0.0462407,-0.0552506,-0.0641314,-0.0728624,-0.0814233,-0.089794,-0.097955,-0.105887,-0.113572,-0.120992,-0.128129,-0.134967,-0.141489,-0.147681,-0.153529,-0.159017,-0.164135,-0.168868,-0.173208,-0.177143,-0.180664,-0.183764,-0.186434,-0.188668,-0.190462,-0.191812,-0.192713,-0.193164,-0.193164,-0.192713,-0.191812,-0.190462,-0.188668,-0.186434,-0.183764,-0.180664,-0.177143,-0.173208,-0.168868,-0.164135,-0.159017,-0.153529,-0.147681,-0.141489,-0.134967,-0.128129,-0.120992,-0.113572,-0.105887,-0.097955,-0.089794,-0.0814233,-0.0728624,-0.0641314,-0.0552506,-0.0462407,-0.0371228,-0.0279182,-0.0186485,-0.00933513,-2.78649e-17,0.00933513,0.0186485,0.0279182,0.0371228,0.0462407,0.0552506,0.0641314,0.0728624,0.0814233,0.089794,0.097955,0.105887,0.113572,0.120992,0.128129,0.134967,0.141489,0.147681,0.153529,0.159017,0.164135,0.168868,0.173208,0.177143,0.180664,0.183764,0.186434,0.188668,0.190462,0.191812,0.192713,0.193164,0.193164,0.192713,0.191812,0.190462,0.188668,0.186434,0.183764,0.180664,0.177143,0.173208,0.168868,0.164135,0.159017,0.153529,0.147681,0.141489,0.134967,0.128129,0.120992,0.113572,0.105887,0.097955,0.089794,0.0814233,0.0728624,0.0641314,0.0552506,0.0462407,0.0371228,0.0279182,0.0186485,0.00933513,0
0,-0.00970474,-0.0193868,-0.0290236,-0.0385926,-0.0480715,-0.0574381,-0.0666706,-0.0757473,-0.0846471,-0.0933493,-0.101833,-0.11008,-0.118069,-0.125782,-0.133202,-0.14031,-0.147091,-0.153529,-0.159607,-0.165313,-0.170633,-0.175555,-0.180066,-0.184157,-0.187817,-0.191039,-0.193815,-0.196138,-0.198004,-0.199406,-0.200343,-0.200812,-0.200812,-0.200343,-0.199406,-0.198004,-0.196138,-0.193815,-0.191039,-0.187817,-0.184157,-0.180066,-0.175555,-0.170633,-0.165313,-0.159607,-0.153529,-0.147091,-0.14031,-0.133202,-0.125782,-0.118069,-0.11008,-0.101833,-0.0933493,-0.0846471,-0.0757473,-0.0666706,-0.0574381,-0.0480715,-0.0385926,-0.0290236,-0.0193868,-0.00970474,3.37135e-17,0.00970474,0.0193868,0.0290236,0.0385926,0.0480715,0.0574381,0.0666706,0.0757473,0.0846471,0.0933493,0.101833,0.11008,0.118069,0.125782,0.133202,0.14031,0.147091,0.153529,0.159607,0.165313,0.170633,0.175555,0.180066,0.184157,0.187817,0.191039,0.193815,0.196138,0.198004,0.199406,0.200343,0.200812,0.200812,0.200343,0.199406,0.198004,0.196138,0.193815,0.191039,0.187817,0.184157,0.180066,0.175555,0.170633,0.165313,0.159607,0.153529,0.147091,0.14031,0.133202,0.125782,0.118069,0.11008,0.101833,0.0933493,0.0846471,0.0757473,0.0666706,0.0574381,0.0480715,0.0385926,0.0290236,0.0193868,0.00970474,0
0,-0.0100517,-0.0200799,-0.0300612,-0.0399723,-0.0497901,-0.0594915,-0.069054,-0.0784553,-0.0876733,-0.0966865,-0.105474,-0.114015,-0.12229,-0.130279,-0.137964,-0.145327,-0.15235,-0.159017,-0.165313,-0.171223,-0.176733,-0.181831,-0.186503,-0.19074,-0.194532,-0.197869,-0.200744,-0.20315,-0.205082,-0.206535,-0.207505,-0.207991,-0.207991,-0.207505,-0.206535,-0.205082,-0.20315,-0.200744,-0.197869,-0.194532,-0.19074,-0.186503,-0.181831,-0.176733,-0.171223,-0.165313,-0.159017,-0.15235,-0.145327,-0.137964,-0.130279,-0.12229,-0.114015,-0.105474,-0.0966865,-0.0876733,-0.0784553,-0.069054,-0.0594915,-0.0497901,-0.0399723,-0.0300612,-0.0200799,-0.0100517,-3.17764e-17,0.0100517,0.0200799,0.0300612,0.0399723,0.0497901,0.0594915,0.069054,0.0784553,0.0876733,0.0966865,0.105474,0.114015,0.12229,0.130279,0.137964,0.145327,0.15235,0.159017,0.165313,0.171223,0.176733,0.181831,0.186503,0.19074,0.194532,0.197869,0.200744,0.20315,0.205082,0.206535,0.207505,0.207991,0.207991,0.207505,0.206535,0.205082,0.20315,0.200744,0.197869,0.194532,0.19074,0.186503,0.181831,0.176733,0.171223,0.165313,0.159017,0.15235,0.145327,0.137964,0.130279,0.12229,0.114015,0.105474,0.0966865,0.0876733,0.0784553,0.069054,0.0594915,0.0497901,0.0399723,0.0300612,0.0200799,0.0100517,0
0,-0.0103752,-0.0207261,-0.0310286,-0.0412587,-0.0513923,-0.061406,-0.0712762,-0.08098,-0.0904947,-0.0997979,-0.108868,-0.117684,-0.126225,-0.134471,-0.142404,-0.150003,-0.157253,-0.164135,-0.170633,-0.176733,-0.182421,-0.187682,-0.192505,-0.196878,-0.200792,-0.204237,-0.207204,-0.209688,-0.211682,-0.213181,-0.214183,-0.214684,-0.214684,-0.214183,-0.213181,-0.211682,-0.209688,-0.207204,-0.204237,-0.200792,-0.196878,-0.192505,-0.187682,-0.182421,-0.176733,-0.170633,-0.164135,-0.157253,-0.150003,-0.142404,-0.134471,-0.126225,-0.117684,-0.108868,-0.0997979,-0.0904947,-0.08098,-0.0712762,-0.061406,-0.0513923,-0.0412587,-0.0310286,-0.0207261,-0.0103752,3.5874e-17,0.0103752,0.0207261,0.0310286,0.0412587,0.0513923,0.061406,0.0712762,0.08098,0.0904947,0.0997979,0.108868,0.117684,0.126225,0.134471,0.142404,0.150003,0.157253,0.164135,0.170633,0.176733,0.182421,0.187682,0.192505,0.196878,0.200792,0.204237,0.207204,0.209688,0.211682,0.213181,0.214183,0.214684,0.214684,0.214183,0.213181,0.211682,0.209688,0.207204,0.204237,0.200792,0.196878,0.192505,0.187682,0.182421,0.176733,0.170633,0.164135,0.157253,0.150003,0.142404,0.134471,0.126225,0.117684,0.108868,0.0997979,0.0904947,0.08098,0.0712762,0.061406,0.0513923,0.0412587,0.0310286,0.0207261,0.0103752,0
0,-0.0106744,-0.0213239,-0.0319235,-0.0424486,-0.0528746,-0.0631771,-0.073332,-0.0833156,-0.0931047,-0.102676,-0.112008,-0.121078,-0.129866,-0.13835,-0.146511,-0.15433,-0.161788,-0.168868,-0.175555,-0.181831,-0.187682,-0.193095,-0.198057,-0.202557,-0.206583,-0.210127,-0.21318,-0.215736,-0.217787,-0.21933,-0.22036,-0.220876,-0.220876,-0.22036,-0.21933,-0.217787,-0.215736,-0.21318,-0.210127,-0.206583,-0.202557,-0.198057,-0.193095,-0.187682,-0.181831,-0.175555,-0.168868,-0.161788,-0.15433,-0.146511,-0.13835,-0.129866,-0.121078,-0.112008,-0.102676,-0.0931047,-0.0833156,-0.073332,-0.0631771,-0.0528746,-0.0424486,-0.0319235,-0.0213239,-0.0106744,-3.74216e-17,0.0106744,0.0213239,0.0319235,0.0424486,0.0528746,0.0631771,0.073332,0.0833156,0.0931047,0.102676,0.112008,0.121078,0.129866,0.13835,0.146511,0.15433,0.161788,0.168868,0.175555,0.181831,0.187682,0.193095,0.198057,0.202557,0.206583,0.210127,0.21318,0.215736,0.217787,0.21933,0.22036,0.220876,0.220876,0.22036,0.21933,0.217787,0.215736,0.21318,0.210127,0.206583,0.202557,0.198057,0.193095,0.187682,0.181831,0.175555,0.168868,0.161788,0.15433,0.146511,0.13835,0.129866,0.121078,0.112008,0.102676,0.0931047,0.0833156,0.073332,0.0631771,0.0528746,0.0424486,0.0319235,0.0213239,0.0106744,0
0,-0.0109487,-0.0218718,-0.0327439,-0.0435394,-0.0542333,-0.0648006,-0.0752164,-0.0854566,-0.0954972,-0.105315,-0.114886,-0.12419,-0.133203,-0.141905,-0.150276,-0.158296,-0.165946,-0.173208,-0.180066,-0.186503,-0.192505,-0.198057,-0.203147,-0.207762,-0.211892,-0.215527,-0.218659,-0.22128,-0.223384,-0.224966,-0.226023,-0.226552,-0.226552,-0.226023,-0.224966,-0.223384,-0.22128,-0.218659,-0.215527,-0.211892,-0.207762,-0.203147,-0.198057,-0.192505,-0.186503,-0.180066,-0.173208,-0.165946,-0.158296,-0.150276,-0.141905,-0.133203,-0.12419,-0.114886,-0.105315,-0.0954972,-0.0854566,-0.0752164,-0.0648006,-0.0542333,-0.0435394,-0.0327439,-0.0218718,-0.0109487,4.02041e-17,0.0109487,0.0218718,0.0327439,0.0435394,0.0542333,0.0648006,0.0752164,0.0854566,0.0954972,0.105315,0.114886,0.12419,0.133203,0.141905,0.150276,0.158296,0.165946,0.173208,0.180066,0.186503,0.192505,0.198057,0.203147,0.207762,0.211892,0.215527,0.218659,0.22128,0.223384,0.224966,0.226023,0.226552,0.226552,0.226023,0.224966,0.223384,0.22128,0.218659,0.215527,0.211892,0.207762,0.203147,0.198057,0.192505,0.186503,0.180066,0.173208,0.165946,0.158296,0.150276,0.141905,0.133203,0.12419,0.114886,0.105315,0.0954972,0.0854566,0.0752164,0.0648006,0.0542333,0.0435394,0.0327439,0.0218718,0.0109487,0
0,-0.0111974,-0.0223687,-0.0334878,-0.0445286,-0.0554654,-0.0662727,-0.0769252,-0.0873981,-0.0976668,-0.107707,-0.117496,-0.127011,-0.136229,-0.145129,-0.15369,-0.161892,-0.169716,-0.177143,-0.184157,-0.19074,-0.196878,-0.202557,-0.207762,-0.212482,-0.216706,-0.220423,-0.223626,-0.226307,-0.228459,-0.230077,-0.231158,-0.231699,-0.231699,-0.231158,-0.230077,-0.228459,-0.226307,-0.223626,-0.220423,-0.216706,-0.212482,-0.207762,-0.202557,-0.196878,-0.19074,-0.184157,-0.177143,-0.169716,-0.161892,-0.15369,-0.145129,-0.136229,-0.127011,-0.117496,-0.107707,-0.0976668,-0.0873981,-0.0769252,-0.0662727,-0.0554654,-0.0445286,-0.0334878,-0.0223687,-0.0111974,-4.39329e-17,0.0111974,0.0223687,0.0334878,0.0445286,0.0554654,0.0662727,0.0769252,0.0873981,0.0976668,0.107707,0.117496,0.127011,0.136229,0.145129,0.15369,0.161892,0.169716,0.177143,0.184157,0.19074,0.196878,0.202557,0.207762,0.212482,0.216706,0.220423,0.223626,0.226307,0.228459,0.230077,0.231158,0.231699,0.231699,0.231158,0.230077,0.228459,0.226307,0.223626,0.220423,0.216706,0.212482,0.207762,0.202557,0.196878,0.19074,0.184157,0.177143,0.169716,0.161892,0.15369,0.145129,0.136229,0.127011,0.117496,0.107707,0.0976668,0.0873981,0.0769252,0.0662727,0.0554654,0.0445286,0.0334878,0.0223687,0.0111974,0
0,-0.01142,-0.0228134,-0.0341534,-0.0454137,-0.056568,-0.0675901,-0.0784543,-0.0891354,-0.0996082,-0.109848,-0.119832,-0.129536,-0.138937,-0.148014,-0.156745,-0.16511,-0.173089,-0.180664,-0.187817,-0.194532,-0.200792,-0.206583,-0.211892,-0.216706,-0.221013,-0.224805,-0.228071,-0.230805,-0.233,-0.23465,-0.235753,-0.236305,-0.236305,-0.235753,-0.23465,-0.233,-0.230805,-0.228071,-0.224805,-0.221013,-0.216706,-0.211892,-0.206583,-0.200792,-0.194532,-0.187817,-0.180664,-0.173089,-0.16511,-0.156745,-0.148014,-0.138937,-0.129536,-0.119832,-0.109848,-0.0996082,-0.0891354,-0.0784543,-0.0675901,-0.056568,-0.0454137,-0.0341534,-0.0228134,-0.01142,4.32343e-17,0.01142,0.0228134,0.0341534,0.0454137,0.056568,0.0675901,0.0784543,0.0891354,0.0996082,0.109848,0.119832,0.129536,0.138937,0.148014,0.156745,0.16511,0.173089,0.180664,0.187817,0.194532,0.200792,0.206583,0.211892,0.216706,0.221013,0.224805,0.228071,0.230805,0.233,0.23465,0.235753,0.236305,0.236305,0.235753,0.23465,0.233,0.230805,0.228071,0.224805,0.221013,0.216706,0.211892,0.206583,0.200792,0.194532,0.187817,0.180664,0.173089,0.16511,0.156745,0.148014,0.138937,0.129536,0.119832,0.109848,0.0996082,0.0891354,0.0784543,0.0675901,0.056568,0.0454137,0.0341534,0.0228134,0.01142,0
0,-0.0116159,-0.0232047,-0.0347393,-0.0461928,-0.0575384,-0.0687496,-0.0798002,-0.0906645,-0.101317,-0.111733,-0.121888,-0.131758,-0.141321,-0.150553,-0.159434,-0.167942,-0.176059,-0.183764,-0.191039,-0.197869,-0.204237,-0.210127,-0.215527,-0.220423,-0.224805,-0.228661,-0.231984,-0.234765,-0.236997,-0.238676,-0.239797,-0.240359,-0.240359,-0.239797,-0.238676,-0.236997,-0.234765,-0.231984,-0.228661,-0.224805,-0.220423,-0.215527,-0.210127,-0.204237,-0.197869,-0.191039,-0.183764,-0.176059,-0.167942,-0.159434,-0.150553,-0.141321,-0.131758,-0.121888,-0.111733,-0.101317,-0.0906645,-0.0798002,-0.0687496,-0.0575384,-0.0461928,-0.0347393,-0.0232047,-0.0116159,-5.21777e-17,0.0116159,0.0232047,0.0347393,0.0461928,0.0575384,0.0687496,0.0798002,0.0906645,0.101317,0.111733,0.121888,0.131758,0.141321,0.150553,0.159434,0.167942,0.176059,0.183764,0.191039,0.197869,0.204237,0.210127,0.215527,0.220423,0.224805,0.228661,0.231984,0.234765,0.236997,0.238676,0.239797,0.240359,0.240359,0.239797,0.238676,0.236997,0.234765,0.231984,0.228661,0.224805,0.220423,0.215527,0.210127,0.204237,0.197869,0.191039,0.183764,0.176059,0.167942,0.159434,0.150553,0.141321,0.131758,0.121888,0.111733,0.101317,0.0906645,0.0798002,0.0687496,0.0575384,0.0461928,0.0347393,0.0232047,0.0116159,0
0,-0.0117847,-0.0235419,-0.0352441,-0.046864,-0.0583744,-0.0697485,-0.0809597,-0.0919819,-0.102789,-0.113356,-0.123659,-0.133672,-0.143374,-0.152741,-0.16175,-0.170383,-0.178617,-0.186434,-0.193815,-0.200744,-0.207204,-0.21318,-0.218659,-0.223626,-0.228071,-0.231984,-0.235355,-0.238176,-0.240441,-0.242144,-0.243282,-0.243851,-0.243851,-0.243282,-0.242144,-0.240441,-0.238176,-0.235355,-0.231984,-0.228071,-0.223626,-0.218659,-0.21318,-0.207204,-0.200744,-0.193815,-0.186434,-0.178617,-0.170383,-0.16175,-0.152741,-0.143374,-0.133672,-0.123659,-0.113356,-0.102789,-0.0919819,-0.0809597,-0.0697485,-0.0583744,-0.046864,-0.0352441,-0.0235419,-0.0117847,4.80006e-17,0.0117847,0.0235419,0.0352441,0.046864,0.0583744,0.0697485,0.0809597,0.0919819,0.102789,0.113356,0.123659,0.133672,0.143374,0.152741,0.16175,0.170383,0.178617,0.186434,0.193815,0.200744,0.207204,0.21318,0.218659,0.223626,0.228071,0.231984,0.235355,0.238176,0.240441,0.242144,0.243282,0.243851,0.243851,0.243282,0.242144,0.240441,0.238176,0.235355,0.231984,0.228071,0.223626,0.218659,0.21318,0.207204,0.200744,0.193815,0.186434,0.178617,0.170383,0.16175,0.152741,0.143374,0.133672,0.123659,0.113356,0.102789,0.0919819,0.0809597,0.0697485,0.0583744,0.046864,0.0352441,0.0235419,0.0117847,0
0,-0.011926,-0.0238241,-0.0356666,-0.0474257,-0.0590741,-0.0705846,-0.0819302,-0.0930844,-0.104021,-0.114715,-0.125141,-0.135275,-0.145093,-0.154571,-0.163689,-0.172425,-0.180758,-0.188668,-0.196138,-0.20315,-0.209688,-0.215736,-0.22128,-0.226307,-0.230805,-0.234765,-0.238176,-0.241031,-0.243323,-0.245046,-0.246198,-0.246774,-0.246774,-0.246198,-0.245046,-0.243323,-0.241031,-0.238176,-0.234765,-0.230805,-0.226307,-0.22128,-0.215736,-0.209688,-0.20315,-0.196138,-0.188668,-0.180758,-0.172425,-0.163689,-0.154571,-0.145093,-0.135275,-0.125141,-0.114715,-0.104021,-0.0930844,-0.0819302,-0.0705846,-0.0590741,-0.0474257,-0.0356666,-0.0238241,-0.011926,-5.95539e-17,0.011926,0.0238241,0.0356666,0.0474257,0.0590741,0.0705846,0.0819302,0.0930844,0.104021,0.114715,0.125141,0.135275,0.145093,0.154571,0.163689,0.172425,0.180758,0.188668,0.196138,0.20315,0.209688,0.215736,0.22128,0.226307,0.230805,0.234765,0.238176,0.241031,0.243323,0.245046,0.246198,0.246774,0.246774,0.246198,0.245046,0.243323,0.241031,0.238176,0.234765,0.230805,0.226307,0.22128,0.215736,0.209688,0.20315,0.196138,0.188668,0.180758,0.172425,0.163689,0.154571,0.145093,0.135275,0.125141,0.114715,0.104021,0.0930844,0.0819302,0.0705846,0.0590741,0.0474257,0.0356666,0.0238241,0.011926,0
0,-0.0120394,-0.0240506,-0.0360057,-0.0478767,-0.0596359,-0.0712558,-0.0827092,-0.0939695,-0.10501,-0.115806,-0.126331,-0.136561,-0.146472,-0.156041,-0.165246,-0.174064,-0.182477,-0.190462,-0.198004,-0.205082,-0.211682,-0.217787,-0.223384,-0.228459,-0.233,-0.236997,-0.240441,-0.243323,-0.245636,-0.247376,-0.248539,-0.249121,-0.249121,-0.248539,-0.247376,-0.245636,-0.243323,-0.240441,-0.236997,-0.233,-0.228459,-0.223384,-0.217787,-0.211682,-0.205082,-0.198004,-0.190462,-0.182477,-0.174064,-0.165246,-0.156041,-0.146472,-0.136561,-0.126331,-0.115806,-0.10501,-0.0939695,-0.0827092,-0.0712558,-0.0596359,-0.0478767,-0.0360057,-0.0240506,-0.0120394,4.97323e-17,0.0120394,0.0240506,0.0360057,0.0478767,0.0596359,0.0712558,0.0827092,0.0939695,0.10501,0.115806,0.126331,0.136561,0.146472,0.156041,0.165246,0.174064,0.182477,0.190462,0.198004,0.205082,0.211682,0.217787,0.223384,0.228459,0.233,0.236997,0.240441,0.243323,0.245636,0.247376,0.248539,0.249121,0.249121,0.248539,0.247376,0.245636,0.243323,0.240441,0.236997,0.233,0.228459,0.223384,0.217787,0.211682,0.205082,0.198004,0.190462,0.182477,0.174064,0.165246,0.156041,0.146472,0.136561,0.126331,0.115806,0.10501,0.0939695,0.0827092,0.0712558,0.0596359,0.0478767,0.0360057,0.0240506,0.0120394,0
0,-0.0121247,-0.024221,-0.0362608,-0.0482159,-0.0600583,-0.0717605,-0.0832951,-0.0946352,-0.105754,-0.116626,-0.127226,-0.137528,-0.14751,-0.157147,-0.166416,-0.175297,-0.183769,-0.191812,-0.199406,-0.206535,-0.213181,-0.21933,-0.224966,-0.230077,-0.23465,-0.238676,-0.242144,-0.245046,-0.247376,-0.249129,-0.250299,-0.250885,-0.250885,-0.250299,-0.249129,-0.247376,-0.245046,-0.242144,-0.238676,-0.23465,-0.230077,-0.224966,-0.21933,-0.213181,-0.206535,-0.199406,-0.191812,-0.183769,-0.175297,-0.166416,-0.157147,-0.14751,-0.137528,-0.127226,-0.116626,-0.105754,-0.0946352,-0.0832951,-0.0717605,-0.0600583,-0.0482159,-0.0362608,-0.024221,-0.0121247,-6.69288e-17,0.0121247,0.024221,0.0362608,0.0482159,0.0600583,0.0717605,0.0832951,0.0946352,0.105754,0.116626,0.127226,0.137528,0.14751,0.157147,0.166416,0.175297,0.183769,0.191812,0.199406,0.206535,0.213181,0.21933,0.224966,0.230077,0.23465,0.238676,0.242144,0.245046,0.247376,0.249129,0.250299,0.250885,0.250885,0.250299,0.249129,0.247376,0.245046,0.242144,0.238676,0.23465,0.230077,0.224966,0.21933,0.213181,0.206535,0.199406,0.191812,0.183769,0.175297,0.166416,0.157147,0.14751,0.137528,0.127226,0.116626,0.105754,0.0946352,0.0832951,0.0717605,0.0600583,0.0482159,0.0362608,0.024221,0.0121247,0
